Stationsnamn;Stationsnummer;Stationsnät;Mäthöjd (meter över marken)
Västervik;76470;SMHIs stationsnät;0.0

Parameternamn;Beskrivning;Enhet
Snödjup;momentanvärde, 1 gång/dygn, kl 06;meter

Tidsperiod (fr.o.m);Tidsperiod (t.o.m);Höjd (meter över havet);Latitud (decimalgrader);Longitud (decimalgrader)
1901-03-01 00:00:00;1978-12-31 23:59:59;5.0;57.7874;16.5934
1979-01-01 00:00:00;1995-07-31 23:59:59;33.0;57.7213;16.4683

Datum;Tid (UTC);Snödjup;Kvalitet;;Tidsutsnitt:
1947-01-01;06:00:00;0.03;G;;Kvalitetskontrollerade historiska data (utom de senaste 3 mån)
1947-01-02;06:00:00;0.03;G;;Tidsperiod (fr.o.m.) = 1901-03-01 00:00:00 (UTC)
1947-01-03;06:00:00;0.04;G;;Tidsperiod (t.o.m.) = 1995-07-31 23:59:59 (UTC)
1947-01-04;06:00:00;0.04;G;;Samplingstid = Ej angivet
1947-01-05;06:00:00;0.04;G;;
1947-01-06;06:00:00;0.04;G;;Kvalitetskoderna:
1947-01-07;06:00:00;0.05;G;;Grön (G) = Kontrollerade och godkända värden.
1947-01-08;06:00:00;0.08;G;;Gul (Y) = Misstänkta eller aggregerade värden. Grovt kontrollerade arkivdata och okontrollerade realtidsdata (senaste 2 tim).
1947-01-09;06:00:00;0.09;G;;
1947-01-10;06:00:00;0.09;G;;Nätinformation:
1947-01-11;06:00:00;0.12;G;;SMHIs Stationsnät: Data samlas in och lagras i SMHIs databaser. Data kvalitetskontrolleras vilket innebär att felaktiga data korrigeras och att databortfall kompletteras utifrån expertbedömning där det är möjligt. De flesta stationerna övervakas, inspekteras och underhålls löpande av SMHI.
1947-01-12;06:00:00;0.13;G;;Övriga stationer: Data samlas in och lagras i SMHIs databaser. Datakvaliteten är för SMHI okänd då SMHI varken utför kvalitetskontroll på data eller inspektioner på stationerna.
1947-01-13;06:00:00;0.13;G;;
1947-01-14;06:00:00;0.16;G;;Möjliga orsaker till saknade data:
1947-01-15;06:00:00;0.15;G;;– stationen eller givaren har varit ur funktion.
1947-01-16;06:00:00;0.10;G;;– stationen har endast levererat värden med kvalitetskod Röd (R). Dessa levereras ej.
1947-01-17;06:00:00;0.05;G
1947-01-18;06:00:00;0.05;G
1947-01-21;06:00:00;0.00;Y
1947-01-23;06:00:00;0.06;G
1947-01-24;06:00:00;0.06;G
1947-01-25;06:00:00;0.08;G
1947-01-26;06:00:00;0.08;G
1947-01-27;06:00:00;0.08;G
1947-01-28;06:00:00;0.08;G
1947-01-29;06:00:00;0.08;G
1947-01-30;06:00:00;0.08;G
1947-01-31;06:00:00;0.08;G
1947-02-01;06:00:00;0.08;G
1947-02-02;06:00:00;0.08;G
1947-02-03;06:00:00;0.09;G
1947-02-04;06:00:00;0.09;G
1947-02-05;06:00:00;0.13;G
1947-02-06;06:00:00;0.14;G
1947-02-07;06:00:00;0.14;G
1947-02-08;06:00:00;0.14;G
1947-02-09;06:00:00;0.14;G
1947-02-10;06:00:00;0.14;G
1947-02-11;06:00:00;0.14;G
1947-02-12;06:00:00;0.14;G
1947-02-13;06:00:00;0.14;G
1947-02-14;06:00:00;0.14;G
1947-02-15;06:00:00;0.14;G
1947-02-16;06:00:00;0.14;G
1947-02-17;06:00:00;0.14;G
1947-02-18;06:00:00;0.14;G
1947-02-19;06:00:00;0.14;G
1947-02-20;06:00:00;0.14;G
1947-02-21;06:00:00;0.14;G
1947-02-22;06:00:00;0.17;G
1947-02-23;06:00:00;0.17;G
1947-02-24;06:00:00;0.17;G
1947-02-25;06:00:00;0.17;G
1947-02-26;06:00:00;0.17;G
1947-02-27;06:00:00;0.17;G
1947-02-28;06:00:00;0.17;G
1947-03-01;06:00:00;0.17;G
1947-03-02;06:00:00;0.24;G
1947-03-03;06:00:00;0.25;G
1947-03-04;06:00:00;0.25;G
1947-03-05;06:00:00;0.25;G
1947-03-06;06:00:00;0.26;G
1947-03-07;06:00:00;0.26;G
1947-03-08;06:00:00;0.26;G
1947-03-09;06:00:00;0.30;G
1947-03-10;06:00:00;0.30;G
1947-03-11;06:00:00;0.30;G
1947-03-12;06:00:00;0.30;G
1947-03-13;06:00:00;0.30;G
1947-03-14;06:00:00;0.30;G
1947-03-15;06:00:00;0.30;G
1947-03-16;06:00:00;0.30;G
1947-03-17;06:00:00;0.30;G
1947-03-18;06:00:00;0.31;G
1947-03-19;06:00:00;0.36;G
1947-03-20;06:00:00;0.36;G
1947-03-21;06:00:00;0.35;G
1947-03-22;06:00:00;0.38;G
1947-03-23;06:00:00;0.42;G
1947-03-24;06:00:00;0.40;G
1947-03-25;06:00:00;0.35;G
1947-03-26;06:00:00;0.25;G
1947-03-27;06:00:00;0.20;G
1947-03-28;06:00:00;0.20;G
1947-03-29;06:00:00;0.10;G
1947-03-30;06:00:00;0.14;G
1947-03-31;06:00:00;0.10;G
1947-04-01;06:00:00;0.08;G
1947-04-02;06:00:00;0.05;G
1947-04-15;06:00:00;0.00;Y
1947-04-16;06:00:00;0.00;Y
1947-04-17;06:00:00;0.00;Y
1947-04-18;06:00:00;0.00;Y
1947-04-19;06:00:00;0.00;Y
1947-04-20;06:00:00;0.00;Y
1947-04-21;06:00:00;0.00;Y
1947-04-22;06:00:00;0.00;Y
1947-04-23;06:00:00;0.00;Y
1947-04-24;06:00:00;0.00;Y
1947-04-25;06:00:00;0.00;Y
1947-04-26;06:00:00;0.00;Y
1947-04-27;06:00:00;0.00;Y
1947-04-28;06:00:00;0.00;Y
1947-04-29;06:00:00;0.00;Y
1947-04-30;06:00:00;0.00;Y
1947-05-01;06:00:00;0.00;Y
1947-05-02;06:00:00;0.00;Y
1947-05-03;06:00:00;0.00;Y
1947-05-04;06:00:00;0.00;Y
1947-05-05;06:00:00;0.00;Y
1947-05-06;06:00:00;0.00;Y
1947-05-07;06:00:00;0.00;Y
1947-05-08;06:00:00;0.00;Y
1947-05-09;06:00:00;0.00;Y
1947-05-10;06:00:00;0.00;Y
1947-05-11;06:00:00;0.00;Y
1947-05-12;06:00:00;0.00;Y
1947-05-13;06:00:00;0.00;Y
1947-05-14;06:00:00;0.00;Y
1947-05-15;06:00:00;0.00;Y
1947-05-16;06:00:00;0.00;Y
1947-05-17;06:00:00;0.00;Y
1947-05-18;06:00:00;0.00;Y
1947-05-19;06:00:00;0.00;Y
1947-05-20;06:00:00;0.00;Y
1947-05-21;06:00:00;0.00;Y
1947-05-22;06:00:00;0.00;Y
1947-05-23;06:00:00;0.00;Y
1947-05-24;06:00:00;0.00;Y
1947-05-25;06:00:00;0.00;Y
1947-05-26;06:00:00;0.00;Y
1947-05-27;06:00:00;0.00;Y
1947-05-28;06:00:00;0.00;Y
1947-05-29;06:00:00;0.00;Y
1947-05-30;06:00:00;0.00;Y
1947-05-31;06:00:00;0.00;Y
1947-06-01;06:00:00;0.00;Y
1947-06-02;06:00:00;0.00;Y
1947-06-03;06:00:00;0.00;Y
1947-06-04;06:00:00;0.00;Y
1947-06-05;06:00:00;0.00;Y
1947-06-06;06:00:00;0.00;Y
1947-06-07;06:00:00;0.00;Y
1947-06-08;06:00:00;0.00;Y
1947-06-09;06:00:00;0.00;Y
1947-06-10;06:00:00;0.00;Y
1947-06-11;06:00:00;0.00;Y
1947-06-12;06:00:00;0.00;Y
1947-06-13;06:00:00;0.00;Y
1947-06-14;06:00:00;0.00;Y
1947-06-15;06:00:00;0.00;Y
1947-06-16;06:00:00;0.00;Y
1947-06-17;06:00:00;0.00;Y
1947-06-18;06:00:00;0.00;Y
1947-06-19;06:00:00;0.00;Y
1947-06-20;06:00:00;0.00;Y
1947-06-21;06:00:00;0.00;Y
1947-06-22;06:00:00;0.00;Y
1947-06-23;06:00:00;0.00;Y
1947-06-24;06:00:00;0.00;Y
1947-06-25;06:00:00;0.00;Y
1947-06-26;06:00:00;0.00;Y
1947-06-27;06:00:00;0.00;Y
1947-06-28;06:00:00;0.00;Y
1947-06-29;06:00:00;0.00;Y
1947-06-30;06:00:00;0.00;Y
1947-07-02;06:00:00;0.00;Y
1947-07-03;06:00:00;0.00;Y
1947-07-04;06:00:00;0.00;Y
1947-07-05;06:00:00;0.00;Y
1947-07-06;06:00:00;0.00;Y
1947-07-07;06:00:00;0.00;Y
1947-07-08;06:00:00;0.00;Y
1947-07-09;06:00:00;0.00;Y
1947-07-10;06:00:00;0.00;Y
1947-07-11;06:00:00;0.00;Y
1947-07-12;06:00:00;0.00;Y
1947-07-13;06:00:00;0.00;Y
1947-07-14;06:00:00;0.00;Y
1947-07-15;06:00:00;0.00;Y
1947-07-16;06:00:00;0.00;Y
1947-07-17;06:00:00;0.00;Y
1947-07-18;06:00:00;0.00;Y
1947-07-19;06:00:00;0.00;Y
1947-07-20;06:00:00;0.00;Y
1947-07-21;06:00:00;0.00;Y
1947-07-22;06:00:00;0.00;Y
1947-07-23;06:00:00;0.00;Y
1947-07-24;06:00:00;0.00;Y
1947-07-25;06:00:00;0.00;Y
1947-07-26;06:00:00;0.00;Y
1947-07-27;06:00:00;0.00;Y
1947-07-28;06:00:00;0.00;Y
1947-07-29;06:00:00;0.00;Y
1947-07-30;06:00:00;0.00;Y
1947-07-31;06:00:00;0.00;Y
1947-08-01;06:00:00;0.00;Y
1947-08-02;06:00:00;0.00;Y
1947-08-03;06:00:00;0.00;Y
1947-08-04;06:00:00;0.00;Y
1947-08-05;06:00:00;0.00;Y
1947-08-06;06:00:00;0.00;Y
1947-08-07;06:00:00;0.00;Y
1947-08-08;06:00:00;0.00;Y
1947-08-09;06:00:00;0.00;Y
1947-08-10;06:00:00;0.00;Y
1947-08-11;06:00:00;0.00;Y
1947-08-12;06:00:00;0.00;Y
1947-08-13;06:00:00;0.00;Y
1947-08-14;06:00:00;0.00;Y
1947-08-15;06:00:00;0.00;Y
1947-08-16;06:00:00;0.00;Y
1947-08-17;06:00:00;0.00;Y
1947-08-18;06:00:00;0.00;Y
1947-08-19;06:00:00;0.00;Y
1947-08-20;06:00:00;0.00;Y
1947-08-21;06:00:00;0.00;Y
1947-08-22;06:00:00;0.00;Y
1947-08-23;06:00:00;0.00;Y
1947-08-24;06:00:00;0.00;Y
1947-08-25;06:00:00;0.00;Y
1947-08-26;06:00:00;0.00;Y
1947-08-27;06:00:00;0.00;Y
1947-08-28;06:00:00;0.00;Y
1947-08-29;06:00:00;0.00;Y
1947-08-30;06:00:00;0.00;Y
1947-08-31;06:00:00;0.00;Y
1947-09-01;06:00:00;0.00;Y
1947-09-02;06:00:00;0.00;Y
1947-09-03;06:00:00;0.00;Y
1947-09-04;06:00:00;0.00;Y
1947-09-05;06:00:00;0.00;Y
1947-09-06;06:00:00;0.00;Y
1947-09-07;06:00:00;0.00;Y
1947-09-08;06:00:00;0.00;Y
1947-09-09;06:00:00;0.00;Y
1947-09-10;06:00:00;0.00;Y
1947-09-11;06:00:00;0.00;Y
1947-09-12;06:00:00;0.00;Y
1947-09-13;06:00:00;0.00;Y
1947-09-14;06:00:00;0.00;Y
1947-09-15;06:00:00;0.00;Y
1947-09-16;06:00:00;0.00;Y
1947-09-17;06:00:00;0.00;Y
1947-09-18;06:00:00;0.00;Y
1947-09-19;06:00:00;0.00;Y
1947-09-20;06:00:00;0.00;Y
1947-09-21;06:00:00;0.00;Y
1947-09-22;06:00:00;0.00;Y
1947-09-23;06:00:00;0.00;Y
1947-09-24;06:00:00;0.00;Y
1947-09-25;06:00:00;0.00;Y
1947-09-26;06:00:00;0.00;Y
1947-09-27;06:00:00;0.00;Y
1947-09-28;06:00:00;0.00;Y
1947-09-29;06:00:00;0.00;Y
1947-09-30;06:00:00;0.00;Y
1947-10-01;06:00:00;0.00;Y
1947-10-02;06:00:00;0.00;Y
1947-10-03;06:00:00;0.00;Y
1947-10-04;06:00:00;0.00;Y
1947-10-05;06:00:00;0.00;Y
1947-10-06;06:00:00;0.00;Y
1947-10-07;06:00:00;0.00;Y
1947-10-08;06:00:00;0.00;Y
1947-10-09;06:00:00;0.00;Y
1947-10-10;06:00:00;0.00;Y
1947-10-11;06:00:00;0.00;Y
1947-10-12;06:00:00;0.00;Y
1947-10-13;06:00:00;0.00;Y
1947-10-14;06:00:00;0.00;Y
1947-10-15;06:00:00;0.00;Y
1947-10-16;06:00:00;0.00;Y
1947-10-17;06:00:00;0.00;Y
1947-10-18;06:00:00;0.00;Y
1947-10-19;06:00:00;0.00;Y
1947-10-20;06:00:00;0.00;Y
1947-10-21;06:00:00;0.00;Y
1947-10-22;06:00:00;0.00;Y
1947-10-23;06:00:00;0.00;Y
1947-10-24;06:00:00;0.00;Y
1947-10-25;06:00:00;0.00;Y
1947-10-26;06:00:00;0.00;Y
1947-10-27;06:00:00;0.00;Y
1947-10-28;06:00:00;0.00;Y
1947-10-29;06:00:00;0.00;Y
1947-10-30;06:00:00;0.00;Y
1947-10-31;06:00:00;0.00;Y
1947-11-01;06:00:00;0.00;Y
1947-11-02;06:00:00;0.00;Y
1947-11-03;06:00:00;0.00;Y
1947-11-04;06:00:00;0.00;Y
1947-11-05;06:00:00;0.00;Y
1947-11-06;06:00:00;0.00;Y
1947-11-07;06:00:00;0.00;Y
1947-11-08;06:00:00;0.00;Y
1947-11-09;06:00:00;0.00;Y
1947-11-10;06:00:00;0.00;Y
1947-11-11;06:00:00;0.00;Y
1947-11-12;06:00:00;0.00;Y
1947-11-13;06:00:00;0.00;Y
1947-11-14;06:00:00;0.00;Y
1947-11-15;06:00:00;0.00;Y
1947-11-16;06:00:00;0.00;Y
1947-11-17;06:00:00;0.00;Y
1947-11-23;06:00:00;0.00;Y
1947-11-24;06:00:00;0.00;Y
1947-11-25;06:00:00;0.00;Y
1947-11-26;06:00:00;0.00;Y
1947-11-30;06:00:00;0.00;Y
1947-12-01;06:00:00;0.00;Y
1947-12-02;06:00:00;0.00;Y
1947-12-03;06:00:00;0.00;Y
1947-12-04;06:00:00;0.00;Y
1947-12-05;06:00:00;0.00;Y
1947-12-06;06:00:00;0.00;Y
1947-12-07;06:00:00;0.00;Y
1947-12-08;06:00:00;0.00;Y
1947-12-09;06:00:00;0.00;Y
1947-12-10;06:00:00;0.00;Y
1947-12-11;06:00:00;0.00;Y
1947-12-12;06:00:00;0.00;Y
1947-12-13;06:00:00;0.00;Y
1947-12-14;06:00:00;0.00;Y
1947-12-15;06:00:00;0.00;Y
1947-12-16;06:00:00;0.00;Y
1947-12-17;06:00:00;0.02;G
1947-12-18;06:00:00;0.02;G
1947-12-19;06:00:00;0.03;G
1947-12-20;06:00:00;0.03;G
1947-12-21;06:00:00;0.04;G
1947-12-22;06:00:00;0.04;G
1947-12-23;06:00:00;0.04;G
1947-12-24;06:00:00;0.04;G
1947-12-26;06:00:00;0.00;Y
1947-12-27;06:00:00;0.01;G
1947-12-28;06:00:00;0.04;G
1947-12-29;06:00:00;0.08;G
1948-01-01;06:00:00;0.15;G
1948-01-02;06:00:00;0.15;G
1948-01-03;06:00:00;0.15;G
1948-01-04;06:00:00;0.16;G
1948-01-05;06:00:00;0.14;G
1948-01-06;06:00:00;0.10;G
1948-01-07;06:00:00;0.20;G
1948-01-08;06:00:00;0.21;G
1948-01-09;06:00:00;0.23;G
1948-01-10;06:00:00;0.24;G
1948-01-11;06:00:00;0.42;G
1948-01-12;06:00:00;0.42;G
1948-01-13;06:00:00;0.44;G
1948-01-14;06:00:00;0.44;G
1948-01-15;06:00:00;0.44;G
1948-01-16;06:00:00;0.44;G
1948-01-17;06:00:00;0.44;G
1948-01-18;06:00:00;0.38;G
1948-01-19;06:00:00;0.35;G
1948-01-20;06:00:00;0.32;G
1948-01-21;06:00:00;0.30;G
1948-01-22;06:00:00;0.30;G
1948-01-23;06:00:00;0.30;G
1948-01-24;06:00:00;0.30;G
1948-01-25;06:00:00;0.30;G
1948-01-26;06:00:00;0.31;G
1948-01-27;06:00:00;0.39;G
1948-01-28;06:00:00;0.20;G
1948-01-29;06:00:00;0.16;G
1948-01-30;06:00:00;0.16;G
1948-01-31;06:00:00;0.15;G
1948-02-01;06:00:00;0.15;G
1948-02-02;06:00:00;0.14;G
1948-02-03;06:00:00;0.10;G
1948-02-04;06:00:00;0.08;G
1948-02-05;06:00:00;0.07;G
1948-02-06;06:00:00;0.07;G
1948-02-07;06:00:00;0.10;G
1948-02-08;06:00:00;0.16;G
1948-02-09;06:00:00;0.12;G
1948-02-10;06:00:00;0.13;G
1948-02-11;06:00:00;0.13;G
1948-02-12;06:00:00;0.13;G
1948-02-13;06:00:00;0.13;G
1948-02-14;06:00:00;0.13;G
1948-02-15;06:00:00;0.13;G
1948-02-16;06:00:00;0.13;G
1948-02-17;06:00:00;0.13;G
1948-02-18;06:00:00;0.12;G
1948-02-19;06:00:00;0.12;G
1948-02-20;06:00:00;0.12;G
1948-02-21;06:00:00;0.12;G
1948-02-22;06:00:00;0.12;G
1948-02-23;06:00:00;0.12;G
1948-02-24;06:00:00;0.12;G
1948-02-25;06:00:00;0.12;G
1948-02-26;06:00:00;0.10;G
1948-02-27;06:00:00;0.10;G
1948-02-28;06:00:00;0.08;G
1948-02-29;06:00:00;0.07;G
1948-03-01;06:00:00;0.07;G
1948-03-11;06:00:00;0.00;Y
1948-03-12;06:00:00;0.00;Y
1948-03-13;06:00:00;0.00;Y
1948-03-14;06:00:00;0.00;Y
1948-03-15;06:00:00;0.00;Y
1948-03-16;06:00:00;0.00;Y
1948-03-17;06:00:00;0.18;G
1948-03-18;06:00:00;0.18;G
1948-03-19;06:00:00;0.15;G
1948-03-20;06:00:00;0.10;G
1948-03-23;06:00:00;0.00;Y
1948-03-24;06:00:00;0.00;Y
1948-03-25;06:00:00;0.00;Y
1948-03-26;06:00:00;0.00;Y
1948-03-27;06:00:00;0.00;Y
1948-03-28;06:00:00;0.00;Y
1948-03-29;06:00:00;0.00;Y
1948-03-30;06:00:00;0.00;Y
1948-03-31;06:00:00;0.00;Y
1948-04-01;06:00:00;0.00;Y
1948-04-02;06:00:00;0.00;Y
1948-04-03;06:00:00;0.00;Y
1948-04-04;06:00:00;0.00;Y
1948-04-05;06:00:00;0.00;Y
1948-04-06;06:00:00;0.00;Y
1948-04-07;06:00:00;0.00;Y
1948-04-08;06:00:00;0.00;Y
1948-04-09;06:00:00;0.00;Y
1948-04-10;06:00:00;0.00;Y
1948-04-11;06:00:00;0.00;Y
1948-04-12;06:00:00;0.00;Y
1948-04-13;06:00:00;0.00;Y
1948-04-14;06:00:00;0.00;Y
1948-04-15;06:00:00;0.00;Y
1948-04-16;06:00:00;0.00;Y
1948-04-17;06:00:00;0.00;Y
1948-04-18;06:00:00;0.00;Y
1948-04-19;06:00:00;0.00;Y
1948-04-20;06:00:00;0.00;Y
1948-04-21;06:00:00;0.00;Y
1948-04-22;06:00:00;0.00;Y
1948-04-23;06:00:00;0.00;Y
1948-04-24;06:00:00;0.00;Y
1948-04-25;06:00:00;0.00;Y
1948-04-26;06:00:00;0.00;Y
1948-04-27;06:00:00;0.00;Y
1948-04-28;06:00:00;0.00;Y
1948-04-29;06:00:00;0.00;Y
1948-04-30;06:00:00;0.00;Y
1948-05-01;06:00:00;0.00;Y
1948-05-02;06:00:00;0.00;Y
1948-05-03;06:00:00;0.00;Y
1948-05-04;06:00:00;0.00;Y
1948-05-05;06:00:00;0.00;Y
1948-05-06;06:00:00;0.00;Y
1948-05-07;06:00:00;0.00;Y
1948-05-08;06:00:00;0.00;Y
1948-05-09;06:00:00;0.00;Y
1948-05-10;06:00:00;0.00;Y
1948-05-11;06:00:00;0.00;Y
1948-05-12;06:00:00;0.00;Y
1948-05-13;06:00:00;0.00;Y
1948-05-14;06:00:00;0.00;Y
1948-05-15;06:00:00;0.00;Y
1948-05-16;06:00:00;0.00;Y
1948-05-17;06:00:00;0.00;Y
1948-05-18;06:00:00;0.00;Y
1948-05-19;06:00:00;0.00;Y
1948-05-20;06:00:00;0.00;Y
1948-05-21;06:00:00;0.00;Y
1948-05-22;06:00:00;0.00;Y
1948-05-23;06:00:00;0.00;Y
1948-05-24;06:00:00;0.00;Y
1948-05-25;06:00:00;0.00;Y
1948-05-26;06:00:00;0.00;Y
1948-05-27;06:00:00;0.00;Y
1948-05-28;06:00:00;0.00;Y
1948-05-29;06:00:00;0.00;Y
1948-05-30;06:00:00;0.00;Y
1948-05-31;06:00:00;0.00;Y
1948-06-01;06:00:00;0.00;Y
1948-06-02;06:00:00;0.00;Y
1948-06-03;06:00:00;0.00;Y
1948-06-04;06:00:00;0.00;Y
1948-06-05;06:00:00;0.00;Y
1948-06-06;06:00:00;0.00;Y
1948-06-07;06:00:00;0.00;Y
1948-06-08;06:00:00;0.00;Y
1948-06-09;06:00:00;0.00;Y
1948-06-10;06:00:00;0.00;Y
1948-06-11;06:00:00;0.00;Y
1948-06-12;06:00:00;0.00;Y
1948-06-13;06:00:00;0.00;Y
1948-06-14;06:00:00;0.00;Y
1948-06-15;06:00:00;0.00;Y
1948-06-16;06:00:00;0.00;Y
1948-06-17;06:00:00;0.00;Y
1948-06-18;06:00:00;0.00;Y
1948-06-19;06:00:00;0.00;Y
1948-06-20;06:00:00;0.00;Y
1948-06-21;06:00:00;0.00;Y
1948-06-22;06:00:00;0.00;Y
1948-06-23;06:00:00;0.00;Y
1948-06-24;06:00:00;0.00;Y
1948-06-25;06:00:00;0.00;Y
1948-06-26;06:00:00;0.00;Y
1948-06-27;06:00:00;0.00;Y
1948-06-28;06:00:00;0.00;Y
1948-06-29;06:00:00;0.00;Y
1948-06-30;06:00:00;0.00;Y
1948-07-01;06:00:00;0.00;Y
1948-07-02;06:00:00;0.00;Y
1948-07-03;06:00:00;0.00;Y
1948-07-04;06:00:00;0.00;Y
1948-07-05;06:00:00;0.00;Y
1948-07-06;06:00:00;0.00;Y
1948-07-07;06:00:00;0.00;Y
1948-07-08;06:00:00;0.00;Y
1948-07-09;06:00:00;0.00;Y
1948-07-10;06:00:00;0.00;Y
1948-07-11;06:00:00;0.00;Y
1948-07-12;06:00:00;0.00;Y
1948-07-13;06:00:00;0.00;Y
1948-07-14;06:00:00;0.00;Y
1948-07-15;06:00:00;0.00;Y
1948-07-16;06:00:00;0.00;Y
1948-07-17;06:00:00;0.00;Y
1948-07-18;06:00:00;0.00;Y
1948-07-19;06:00:00;0.00;Y
1948-07-20;06:00:00;0.00;Y
1948-07-21;06:00:00;0.00;Y
1948-07-22;06:00:00;0.00;Y
1948-07-23;06:00:00;0.00;Y
1948-07-24;06:00:00;0.00;Y
1948-07-25;06:00:00;0.00;Y
1948-07-26;06:00:00;0.00;Y
1948-07-27;06:00:00;0.00;Y
1948-07-28;06:00:00;0.00;Y
1948-07-29;06:00:00;0.00;Y
1948-07-30;06:00:00;0.00;Y
1948-07-31;06:00:00;0.00;Y
1948-08-01;06:00:00;0.00;Y
1948-08-02;06:00:00;0.00;Y
1948-08-03;06:00:00;0.00;Y
1948-08-04;06:00:00;0.00;Y
1948-08-05;06:00:00;0.00;Y
1948-08-06;06:00:00;0.00;Y
1948-08-07;06:00:00;0.00;Y
1948-08-08;06:00:00;0.00;Y
1948-08-09;06:00:00;0.00;Y
1948-08-10;06:00:00;0.00;Y
1948-08-11;06:00:00;0.00;Y
1948-08-12;06:00:00;0.00;Y
1948-08-13;06:00:00;0.00;Y
1948-08-14;06:00:00;0.00;Y
1948-08-15;06:00:00;0.00;Y
1948-08-16;06:00:00;0.00;Y
1948-08-17;06:00:00;0.00;Y
1948-08-18;06:00:00;0.00;Y
1948-08-19;06:00:00;0.00;Y
1948-08-20;06:00:00;0.00;Y
1948-08-21;06:00:00;0.00;Y
1948-08-22;06:00:00;0.00;Y
1948-08-23;06:00:00;0.00;Y
1948-08-24;06:00:00;0.00;Y
1948-08-25;06:00:00;0.00;Y
1948-08-26;06:00:00;0.00;Y
1948-08-27;06:00:00;0.00;Y
1948-08-28;06:00:00;0.00;Y
1948-08-29;06:00:00;0.00;Y
1948-08-30;06:00:00;0.00;Y
1948-08-31;06:00:00;0.00;Y
1948-09-01;06:00:00;0.00;Y
1948-09-02;06:00:00;0.00;Y
1948-09-03;06:00:00;0.00;Y
1948-09-04;06:00:00;0.00;Y
1948-09-05;06:00:00;0.00;Y
1948-09-06;06:00:00;0.00;Y
1948-09-07;06:00:00;0.00;Y
1948-09-08;06:00:00;0.00;Y
1948-09-09;06:00:00;0.00;Y
1948-09-10;06:00:00;0.00;Y
1948-09-11;06:00:00;0.00;Y
1948-09-12;06:00:00;0.00;Y
1948-09-13;06:00:00;0.00;Y
1948-09-14;06:00:00;0.00;Y
1948-09-15;06:00:00;0.00;Y
1948-09-16;06:00:00;0.00;Y
1948-09-17;06:00:00;0.00;Y
1948-09-18;06:00:00;0.00;Y
1948-09-19;06:00:00;0.00;Y
1948-09-20;06:00:00;0.00;Y
1948-09-21;06:00:00;0.00;Y
1948-09-22;06:00:00;0.00;Y
1948-09-23;06:00:00;0.00;Y
1948-09-24;06:00:00;0.00;Y
1948-09-25;06:00:00;0.00;Y
1948-09-26;06:00:00;0.00;Y
1948-09-27;06:00:00;0.00;Y
1948-09-28;06:00:00;0.00;Y
1948-09-29;06:00:00;0.00;Y
1948-09-30;06:00:00;0.00;Y
1948-10-01;06:00:00;0.00;Y
1948-10-02;06:00:00;0.00;Y
1948-10-03;06:00:00;0.00;Y
1948-10-04;06:00:00;0.00;Y
1948-10-05;06:00:00;0.00;Y
1948-10-06;06:00:00;0.00;Y
1948-10-07;06:00:00;0.00;Y
1948-10-08;06:00:00;0.00;Y
1948-10-09;06:00:00;0.00;Y
1948-10-10;06:00:00;0.00;Y
1948-10-11;06:00:00;0.00;Y
1948-10-12;06:00:00;0.00;Y
1948-10-13;06:00:00;0.00;Y
1948-10-14;06:00:00;0.00;Y
1948-10-15;06:00:00;0.00;Y
1948-10-16;06:00:00;0.00;Y
1948-10-17;06:00:00;0.00;Y
1948-10-18;06:00:00;0.00;Y
1948-10-19;06:00:00;0.00;Y
1948-10-20;06:00:00;0.00;Y
1948-10-21;06:00:00;0.00;Y
1948-10-22;06:00:00;0.00;Y
1948-10-23;06:00:00;0.00;Y
1948-10-24;06:00:00;0.00;Y
1948-10-25;06:00:00;0.00;Y
1948-10-26;06:00:00;0.00;Y
1948-10-27;06:00:00;0.00;Y
1948-10-28;06:00:00;0.00;Y
1948-10-29;06:00:00;0.00;Y
1948-10-30;06:00:00;0.00;Y
1948-10-31;06:00:00;0.00;Y
1948-11-01;06:00:00;0.00;Y
1948-11-02;06:00:00;0.00;Y
1948-11-03;06:00:00;0.00;Y
1948-11-04;06:00:00;0.00;Y
1948-11-05;06:00:00;0.00;Y
1948-11-06;06:00:00;0.00;Y
1948-11-07;06:00:00;0.00;Y
1948-11-08;06:00:00;0.00;Y
1948-11-09;06:00:00;0.00;Y
1948-11-10;06:00:00;0.00;Y
1948-11-11;06:00:00;0.00;Y
1948-11-12;06:00:00;0.00;Y
1948-11-13;06:00:00;0.00;Y
1948-11-15;06:00:00;0.00;Y
1948-11-16;06:00:00;0.00;Y
1948-11-17;06:00:00;0.00;Y
1948-11-18;06:00:00;0.00;Y
1948-11-19;06:00:00;0.00;Y
1948-11-20;06:00:00;0.00;Y
1948-11-21;06:00:00;0.00;Y
1948-11-22;06:00:00;0.00;Y
1948-11-23;06:00:00;0.00;Y
1948-11-24;06:00:00;0.00;Y
1948-11-25;06:00:00;0.00;Y
1948-11-26;06:00:00;0.00;Y
1948-11-27;06:00:00;0.00;Y
1948-11-28;06:00:00;0.00;Y
1948-11-29;06:00:00;0.00;Y
1948-11-30;06:00:00;0.00;Y
1948-12-01;06:00:00;0.00;Y
1948-12-02;06:00:00;0.00;Y
1948-12-03;06:00:00;0.00;Y
1948-12-04;06:00:00;0.00;Y
1948-12-05;06:00:00;0.00;Y
1948-12-06;06:00:00;0.00;Y
1948-12-07;06:00:00;0.00;Y
1948-12-08;06:00:00;0.00;Y
1948-12-09;06:00:00;0.00;Y
1948-12-10;06:00:00;0.00;Y
1948-12-11;06:00:00;0.00;Y
1948-12-12;06:00:00;0.00;Y
1948-12-13;06:00:00;0.00;Y
1948-12-14;06:00:00;0.00;Y
1948-12-15;06:00:00;0.00;Y
1948-12-16;06:00:00;0.00;Y
1948-12-17;06:00:00;0.00;Y
1948-12-18;06:00:00;0.00;Y
1948-12-19;06:00:00;0.00;Y
1948-12-20;06:00:00;0.00;Y
1948-12-21;06:00:00;0.00;Y
1948-12-22;06:00:00;0.00;Y
1948-12-23;06:00:00;0.00;Y
1948-12-24;06:00:00;0.00;Y
1948-12-25;06:00:00;0.00;Y
1948-12-26;06:00:00;0.00;Y
1948-12-27;06:00:00;0.00;Y
1948-12-28;06:00:00;0.00;Y
1948-12-29;06:00:00;0.00;Y
1948-12-30;06:00:00;0.00;Y
1948-12-31;06:00:00;0.00;Y
1949-01-01;06:00:00;0.00;Y
1949-01-02;06:00:00;0.00;Y
1949-01-03;06:00:00;0.00;Y
1949-01-04;06:00:00;0.00;Y
1949-01-05;06:00:00;0.00;Y
1949-01-06;06:00:00;0.00;Y
1949-01-07;06:00:00;0.00;Y
1949-01-08;06:00:00;0.00;Y
1949-01-11;06:00:00;0.00;Y
1949-01-12;06:00:00;0.00;Y
1949-01-14;06:00:00;0.00;Y
1949-01-15;06:00:00;0.00;Y
1949-01-16;06:00:00;0.00;Y
1949-01-17;06:00:00;0.00;Y
1949-01-19;06:00:00;0.00;Y
1949-01-20;06:00:00;0.00;Y
1949-01-21;06:00:00;0.00;Y
1949-01-22;06:00:00;0.00;Y
1949-01-23;06:00:00;0.00;Y
1949-01-24;06:00:00;0.00;Y
1949-01-25;06:00:00;0.00;Y
1949-01-26;06:00:00;0.00;Y
1949-01-27;06:00:00;0.00;Y
1949-01-28;06:00:00;0.00;Y
1949-01-29;06:00:00;0.00;Y
1949-01-30;06:00:00;0.00;Y
1949-01-31;06:00:00;0.00;Y
1949-02-01;06:00:00;0.00;Y
1949-02-02;06:00:00;0.00;Y
1949-02-03;06:00:00;0.00;Y
1949-02-04;06:00:00;0.00;Y
1949-02-05;06:00:00;0.00;Y
1949-02-06;06:00:00;0.00;Y
1949-02-07;06:00:00;0.00;Y
1949-02-08;06:00:00;0.00;Y
1949-02-10;06:00:00;0.00;Y
1949-02-15;06:00:00;0.00;Y
1949-02-16;06:00:00;0.00;Y
1949-02-17;06:00:00;0.00;Y
1949-02-18;06:00:00;0.00;Y
1949-02-19;06:00:00;0.00;Y
1949-02-20;06:00:00;0.00;Y
1949-02-21;06:00:00;0.00;Y
1949-02-22;06:00:00;0.00;Y
1949-02-23;06:00:00;0.00;Y
1949-02-24;06:00:00;0.00;Y
1949-02-25;06:00:00;0.00;Y
1949-02-26;06:00:00;0.00;Y
1949-02-27;06:00:00;0.00;Y
1949-02-28;06:00:00;0.00;Y
1949-03-01;06:00:00;0.00;Y
1949-03-02;06:00:00;0.00;Y
1949-03-03;06:00:00;0.00;Y
1949-03-04;06:00:00;0.00;Y
1949-03-05;06:00:00;0.00;Y
1949-03-06;06:00:00;0.08;G
1949-03-07;06:00:00;0.08;G
1949-03-08;06:00:00;0.08;G
1949-03-09;06:00:00;0.07;G
1949-03-10;06:00:00;0.07;G
1949-03-11;06:00:00;0.05;G
1949-03-12;06:00:00;0.05;G
1949-03-13;06:00:00;0.05;G
1949-03-14;06:00:00;0.00;Y
1949-03-15;06:00:00;0.00;Y
1949-03-16;06:00:00;0.00;Y
1949-03-17;06:00:00;0.00;Y
1949-03-18;06:00:00;0.00;Y
1949-03-19;06:00:00;0.00;Y
1949-03-20;06:00:00;0.00;Y
1949-03-21;06:00:00;0.00;Y
1949-03-22;06:00:00;0.00;Y
1949-03-23;06:00:00;0.00;Y
1949-03-24;06:00:00;0.00;Y
1949-03-25;06:00:00;0.00;Y
1949-03-26;06:00:00;0.00;Y
1949-03-27;06:00:00;0.00;Y
1949-03-28;06:00:00;0.00;Y
1949-03-29;06:00:00;0.00;Y
1949-03-30;06:00:00;0.00;Y
1949-03-31;06:00:00;0.00;Y
1949-04-01;06:00:00;0.00;Y
1949-04-02;06:00:00;0.00;Y
1949-04-03;06:00:00;0.00;Y
1949-04-04;06:00:00;0.00;Y
1949-04-05;06:00:00;0.00;Y
1949-04-06;06:00:00;0.00;Y
1949-04-07;06:00:00;0.00;Y
1949-04-08;06:00:00;0.00;Y
1949-04-09;06:00:00;0.00;Y
1949-04-10;06:00:00;0.00;Y
1949-04-11;06:00:00;0.00;Y
1949-04-12;06:00:00;0.00;Y
1949-04-13;06:00:00;0.00;Y
1949-04-14;06:00:00;0.00;Y
1949-04-15;06:00:00;0.00;Y
1949-04-16;06:00:00;0.00;Y
1949-04-17;06:00:00;0.00;Y
1949-04-18;06:00:00;0.00;Y
1949-04-19;06:00:00;0.00;Y
1949-04-20;06:00:00;0.00;Y
1949-04-21;06:00:00;0.00;Y
1949-04-22;06:00:00;0.00;Y
1949-04-23;06:00:00;0.00;Y
1949-04-24;06:00:00;0.00;Y
1949-04-25;06:00:00;0.00;Y
1949-04-26;06:00:00;0.00;Y
1949-04-27;06:00:00;0.00;Y
1949-04-28;06:00:00;0.00;Y
1949-04-29;06:00:00;0.00;Y
1949-04-30;06:00:00;0.00;Y
1949-05-01;06:00:00;0.00;Y
1949-05-02;06:00:00;0.00;Y
1949-05-03;06:00:00;0.00;Y
1949-05-04;06:00:00;0.00;Y
1949-05-05;06:00:00;0.00;Y
1949-05-06;06:00:00;0.00;Y
1949-05-07;06:00:00;0.00;Y
1949-05-08;06:00:00;0.00;Y
1949-05-09;06:00:00;0.00;Y
1949-05-10;06:00:00;0.00;Y
1949-05-11;06:00:00;0.00;Y
1949-05-12;06:00:00;0.00;Y
1949-05-13;06:00:00;0.00;Y
1949-05-14;06:00:00;0.00;Y
1949-05-15;06:00:00;0.00;Y
1949-05-16;06:00:00;0.00;Y
1949-05-17;06:00:00;0.00;Y
1949-05-18;06:00:00;0.00;Y
1949-05-19;06:00:00;0.00;Y
1949-05-20;06:00:00;0.00;Y
1949-05-21;06:00:00;0.00;Y
1949-05-22;06:00:00;0.00;Y
1949-05-23;06:00:00;0.00;Y
1949-05-24;06:00:00;0.00;Y
1949-05-25;06:00:00;0.00;Y
1949-05-26;06:00:00;0.00;Y
1949-05-27;06:00:00;0.00;Y
1949-05-28;06:00:00;0.00;Y
1949-05-29;06:00:00;0.00;Y
1949-05-30;06:00:00;0.00;Y
1949-05-31;06:00:00;0.00;Y
1949-06-01;06:00:00;0.00;Y
1949-06-02;06:00:00;0.00;Y
1949-06-03;06:00:00;0.00;Y
1949-06-04;06:00:00;0.00;Y
1949-06-05;06:00:00;0.00;Y
1949-06-06;06:00:00;0.00;Y
1949-06-07;06:00:00;0.00;Y
1949-06-08;06:00:00;0.00;Y
1949-06-09;06:00:00;0.00;Y
1949-06-10;06:00:00;0.00;Y
1949-06-11;06:00:00;0.00;Y
1949-06-12;06:00:00;0.00;Y
1949-06-13;06:00:00;0.00;Y
1949-06-14;06:00:00;0.00;Y
1949-06-15;06:00:00;0.00;Y
1949-06-16;06:00:00;0.00;Y
1949-06-17;06:00:00;0.00;Y
1949-06-18;06:00:00;0.00;Y
1949-06-19;06:00:00;0.00;Y
1949-06-20;06:00:00;0.00;Y
1949-06-21;06:00:00;0.00;Y
1949-06-22;06:00:00;0.00;Y
1949-06-23;06:00:00;0.00;Y
1949-06-24;06:00:00;0.00;Y
1949-06-25;06:00:00;0.00;Y
1949-06-26;06:00:00;0.00;Y
1949-06-27;06:00:00;0.00;Y
1949-06-28;06:00:00;0.00;Y
1949-06-29;06:00:00;0.00;Y
1949-06-30;06:00:00;0.00;Y
1949-07-01;06:00:00;0.00;Y
1949-07-02;06:00:00;0.00;Y
1949-07-03;06:00:00;0.00;Y
1949-07-04;06:00:00;0.00;Y
1949-07-05;06:00:00;0.00;Y
1949-07-06;06:00:00;0.00;Y
1949-07-07;06:00:00;0.00;Y
1949-07-08;06:00:00;0.00;Y
1949-07-09;06:00:00;0.00;Y
1949-07-10;06:00:00;0.00;Y
1949-07-11;06:00:00;0.00;Y
1949-07-12;06:00:00;0.00;Y
1949-07-13;06:00:00;0.00;Y
1949-07-14;06:00:00;0.00;Y
1949-07-15;06:00:00;0.00;Y
1949-07-16;06:00:00;0.00;Y
1949-07-17;06:00:00;0.00;Y
1949-07-18;06:00:00;0.00;Y
1949-07-19;06:00:00;0.00;Y
1949-07-20;06:00:00;0.00;Y
1949-07-21;06:00:00;0.00;Y
1949-07-22;06:00:00;0.00;Y
1949-07-23;06:00:00;0.00;Y
1949-07-24;06:00:00;0.00;Y
1949-07-25;06:00:00;0.00;Y
1949-07-26;06:00:00;0.00;Y
1949-07-27;06:00:00;0.00;Y
1949-07-28;06:00:00;0.00;Y
1949-07-29;06:00:00;0.00;Y
1949-07-30;06:00:00;0.00;Y
1949-07-31;06:00:00;0.00;Y
1949-08-01;06:00:00;0.00;Y
1949-08-02;06:00:00;0.00;Y
1949-08-03;06:00:00;0.00;Y
1949-08-04;06:00:00;0.00;Y
1949-08-05;06:00:00;0.00;Y
1949-08-06;06:00:00;0.00;Y
1949-08-07;06:00:00;0.00;Y
1949-08-08;06:00:00;0.00;Y
1949-08-09;06:00:00;0.00;Y
1949-08-10;06:00:00;0.00;Y
1949-08-11;06:00:00;0.00;Y
1949-08-12;06:00:00;0.00;Y
1949-08-13;06:00:00;0.00;Y
1949-08-14;06:00:00;0.00;Y
1949-08-15;06:00:00;0.00;Y
1949-08-16;06:00:00;0.00;Y
1949-08-17;06:00:00;0.00;Y
1949-08-18;06:00:00;0.00;Y
1949-08-19;06:00:00;0.00;Y
1949-08-20;06:00:00;0.00;Y
1949-08-21;06:00:00;0.00;Y
1949-08-22;06:00:00;0.00;Y
1949-08-23;06:00:00;0.00;Y
1949-08-24;06:00:00;0.00;Y
1949-08-25;06:00:00;0.00;Y
1949-08-26;06:00:00;0.00;Y
1949-08-27;06:00:00;0.00;Y
1949-08-28;06:00:00;0.00;Y
1949-08-29;06:00:00;0.00;Y
1949-08-30;06:00:00;0.00;Y
1949-08-31;06:00:00;0.00;Y
1949-09-01;06:00:00;0.00;Y
1949-09-03;06:00:00;0.00;Y
1949-09-04;06:00:00;0.00;Y
1949-09-05;06:00:00;0.00;Y
1949-09-06;06:00:00;0.00;Y
1949-09-07;06:00:00;0.00;Y
1949-09-08;06:00:00;0.00;Y
1949-09-09;06:00:00;0.00;Y
1949-09-10;06:00:00;0.00;Y
1949-09-11;06:00:00;0.00;Y
1949-09-12;06:00:00;0.00;Y
1949-09-13;06:00:00;0.00;Y
1949-09-14;06:00:00;0.00;Y
1949-09-15;06:00:00;0.00;Y
1949-09-16;06:00:00;0.00;Y
1949-09-17;06:00:00;0.00;Y
1949-09-18;06:00:00;0.00;Y
1949-09-19;06:00:00;0.00;Y
1949-09-20;06:00:00;0.00;Y
1949-09-21;06:00:00;0.00;Y
1949-09-22;06:00:00;0.00;Y
1949-09-23;06:00:00;0.00;Y
1949-09-24;06:00:00;0.00;Y
1949-09-25;06:00:00;0.00;Y
1949-09-26;06:00:00;0.00;Y
1949-09-27;06:00:00;0.00;Y
1949-09-28;06:00:00;0.00;Y
1949-09-29;06:00:00;0.00;Y
1949-09-30;06:00:00;0.00;Y
1949-10-01;06:00:00;0.00;Y
1949-10-02;06:00:00;0.00;Y
1949-10-03;06:00:00;0.00;Y
1949-10-04;06:00:00;0.00;Y
1949-10-05;06:00:00;0.00;Y
1949-10-06;06:00:00;0.00;Y
1949-10-07;06:00:00;0.00;Y
1949-10-08;06:00:00;0.00;Y
1949-10-09;06:00:00;0.00;Y
1949-10-10;06:00:00;0.00;Y
1949-10-11;06:00:00;0.00;Y
1949-10-12;06:00:00;0.00;Y
1949-10-13;06:00:00;0.00;Y
1949-10-14;06:00:00;0.00;Y
1949-10-15;06:00:00;0.00;Y
1949-10-16;06:00:00;0.00;Y
1949-10-17;06:00:00;0.00;Y
1949-10-18;06:00:00;0.00;Y
1949-10-19;06:00:00;0.00;Y
1949-10-20;06:00:00;0.00;Y
1949-10-21;06:00:00;0.00;Y
1949-10-22;06:00:00;0.00;Y
1949-10-23;06:00:00;0.00;Y
1949-10-24;06:00:00;0.00;Y
1949-10-25;06:00:00;0.00;Y
1949-10-26;06:00:00;0.00;Y
1949-10-27;06:00:00;0.00;Y
1949-10-28;06:00:00;0.00;Y
1949-10-29;06:00:00;0.00;Y
1949-10-30;06:00:00;0.00;Y
1949-10-31;06:00:00;0.00;Y
1949-11-01;06:00:00;0.00;Y
1949-11-02;06:00:00;0.00;Y
1949-11-03;06:00:00;0.00;Y
1949-11-04;06:00:00;0.00;Y
1949-11-05;06:00:00;0.00;Y
1949-11-06;06:00:00;0.00;Y
1949-11-07;06:00:00;0.00;Y
1949-11-08;06:00:00;0.00;Y
1949-11-09;06:00:00;0.00;Y
1949-11-10;06:00:00;0.00;Y
1949-11-11;06:00:00;0.00;Y
1949-11-12;06:00:00;0.00;Y
1949-11-13;06:00:00;0.00;Y
1949-11-14;06:00:00;0.00;Y
1949-11-15;06:00:00;0.00;Y
1949-11-16;06:00:00;0.00;Y
1949-11-17;06:00:00;0.00;Y
1949-11-18;06:00:00;0.00;Y
1949-11-19;06:00:00;0.00;Y
1949-11-20;06:00:00;0.00;Y
1949-11-21;06:00:00;0.00;Y
1949-11-22;06:00:00;0.00;Y
1949-11-23;06:00:00;0.00;Y
1949-11-24;06:00:00;0.00;Y
1949-11-25;06:00:00;0.00;Y
1949-11-26;06:00:00;0.00;Y
1949-11-27;06:00:00;0.00;Y
1949-11-28;06:00:00;0.00;Y
1949-11-29;06:00:00;0.00;Y
1949-11-30;06:00:00;0.00;Y
1949-12-01;06:00:00;0.00;Y
1949-12-02;06:00:00;0.00;Y
1949-12-03;06:00:00;0.00;Y
1949-12-04;06:00:00;0.00;Y
1949-12-05;06:00:00;0.00;Y
1949-12-06;06:00:00;0.00;Y
1949-12-07;06:00:00;0.00;Y
1949-12-08;06:00:00;0.00;Y
1949-12-09;06:00:00;0.00;Y
1949-12-10;06:00:00;0.00;Y
1949-12-11;06:00:00;0.00;Y
1949-12-12;06:00:00;0.00;Y
1949-12-13;06:00:00;0.00;Y
1949-12-14;06:00:00;0.00;Y
1949-12-15;06:00:00;0.00;Y
1949-12-16;06:00:00;0.00;Y
1949-12-17;06:00:00;0.00;Y
1949-12-18;06:00:00;0.00;Y
1949-12-19;06:00:00;0.00;Y
1949-12-20;06:00:00;0.00;Y
1949-12-21;06:00:00;0.00;Y
1949-12-22;06:00:00;0.00;Y
1949-12-23;06:00:00;0.00;Y
1949-12-24;06:00:00;0.00;Y
1949-12-25;06:00:00;0.00;Y
1949-12-26;06:00:00;0.00;Y
1949-12-27;06:00:00;0.00;Y
1949-12-28;06:00:00;0.00;Y
1949-12-29;06:00:00;0.00;Y
1949-12-30;06:00:00;0.00;Y
1949-12-31;06:00:00;0.02;G
1950-01-01;06:00:00;0.02;G
1950-01-02;06:00:00;0.05;G
1950-01-03;06:00:00;0.00;Y
1950-01-04;06:00:00;0.08;G
1950-01-05;06:00:00;0.06;G
1950-01-06;06:00:00;0.10;G
1950-01-07;06:00:00;0.11;G
1950-01-08;06:00:00;0.11;G
1950-01-09;06:00:00;0.11;G
1950-01-10;06:00:00;0.11;G
1950-01-11;06:00:00;0.12;G
1950-01-12;06:00:00;0.14;G
1950-01-13;06:00:00;0.21;G
1950-01-14;06:00:00;0.14;G
1950-01-15;06:00:00;0.14;G
1950-01-16;06:00:00;0.12;G
1950-01-17;06:00:00;0.10;G
1950-01-18;06:00:00;0.16;G
1950-01-19;06:00:00;0.16;G
1950-01-20;06:00:00;0.13;G
1950-01-21;06:00:00;0.12;G
1950-01-22;06:00:00;0.09;G
1950-01-23;06:00:00;0.06;G
1950-01-24;06:00:00;0.06;G
1950-01-25;06:00:00;0.06;G
1950-01-26;06:00:00;0.06;G
1950-01-27;06:00:00;0.06;G
1950-01-28;06:00:00;0.06;G
1950-01-29;06:00:00;0.05;G
1950-01-30;06:00:00;0.06;G
1950-01-31;06:00:00;0.07;G
1950-02-01;06:00:00;0.06;G
1950-02-02;06:00:00;0.05;G
1950-02-03;06:00:00;0.05;G
1950-02-04;06:00:00;0.05;G
1950-02-05;06:00:00;0.02;G
1950-02-06;06:00:00;0.02;G
1950-02-07;06:00:00;0.02;G
1950-02-08;06:00:00;0.02;G
1950-02-09;06:00:00;0.03;G
1950-02-10;06:00:00;0.03;G
1950-02-12;06:00:00;0.09;G
1950-02-13;06:00:00;0.09;G
1950-02-14;06:00:00;0.11;G
1950-02-15;06:00:00;0.11;G
1950-02-16;06:00:00;0.18;G
1950-02-17;06:00:00;0.10;G
1950-02-18;06:00:00;0.04;G
1950-02-19;06:00:00;0.00;Y
1950-02-20;06:00:00;0.00;Y
1950-02-21;06:00:00;0.00;Y
1950-02-22;06:00:00;0.00;Y
1950-02-23;06:00:00;0.01;G
1950-02-24;06:00:00;0.09;G
1950-02-25;06:00:00;0.05;G
1950-02-26;06:00:00;0.05;G
1950-02-27;06:00:00;0.05;G
1950-02-28;06:00:00;0.04;G
1950-03-01;06:00:00;0.05;G
1950-03-02;06:00:00;0.06;G
1950-03-03;06:00:00;0.06;G
1950-03-04;06:00:00;0.05;G
1950-03-05;06:00:00;0.04;G
1950-03-06;06:00:00;0.00;Y
1950-03-07;06:00:00;0.00;Y
1950-03-08;06:00:00;0.00;Y
1950-03-09;06:00:00;0.00;Y
1950-03-10;06:00:00;0.00;Y
1950-03-11;06:00:00;0.00;Y
1950-03-12;06:00:00;0.00;Y
1950-03-13;06:00:00;0.00;Y
1950-03-14;06:00:00;0.00;Y
1950-03-15;06:00:00;0.00;Y
1950-03-16;06:00:00;0.00;Y
1950-03-17;06:00:00;0.00;Y
1950-03-18;06:00:00;0.00;Y
1950-03-19;06:00:00;0.00;Y
1950-03-20;06:00:00;0.00;Y
1950-03-21;06:00:00;0.00;Y
1950-03-22;06:00:00;0.00;Y
1950-03-23;06:00:00;0.00;Y
1950-03-24;06:00:00;0.00;Y
1950-03-25;06:00:00;0.00;Y
1950-03-26;06:00:00;0.00;Y
1950-03-27;06:00:00;0.00;Y
1950-03-28;06:00:00;0.00;Y
1950-03-29;06:00:00;0.00;Y
1950-03-30;06:00:00;0.00;Y
1950-03-31;06:00:00;0.00;Y
1950-04-01;06:00:00;0.00;Y
1950-04-02;06:00:00;0.00;Y
1950-04-03;06:00:00;0.00;Y
1950-04-04;06:00:00;0.00;Y
1950-04-05;06:00:00;0.00;Y
1950-04-06;06:00:00;0.00;Y
1950-04-07;06:00:00;0.00;Y
1950-04-08;06:00:00;0.00;Y
1950-04-09;06:00:00;0.00;Y
1950-04-10;06:00:00;0.00;Y
1950-04-11;06:00:00;0.00;Y
1950-04-12;06:00:00;0.00;Y
1950-04-13;06:00:00;0.00;Y
1950-04-14;06:00:00;0.00;Y
1950-04-15;06:00:00;0.00;Y
1950-04-16;06:00:00;0.00;Y
1950-04-17;06:00:00;0.00;Y
1950-04-18;06:00:00;0.00;Y
1950-04-19;06:00:00;0.00;Y
1950-04-20;06:00:00;0.00;Y
1950-04-21;06:00:00;0.00;Y
1950-04-22;06:00:00;0.00;Y
1950-04-23;06:00:00;0.00;Y
1950-04-24;06:00:00;0.00;Y
1950-04-25;06:00:00;0.00;Y
1950-04-26;06:00:00;0.00;Y
1950-04-27;06:00:00;0.00;Y
1950-04-28;06:00:00;0.00;Y
1950-04-29;06:00:00;0.00;Y
1950-04-30;06:00:00;0.00;Y
1950-05-01;06:00:00;0.00;Y
1950-05-02;06:00:00;0.00;Y
1950-05-03;06:00:00;0.00;Y
1950-05-04;06:00:00;0.00;Y
1950-05-05;06:00:00;0.00;Y
1950-05-06;06:00:00;0.00;Y
1950-05-07;06:00:00;0.00;Y
1950-05-08;06:00:00;0.00;Y
1950-05-09;06:00:00;0.00;Y
1950-05-10;06:00:00;0.00;Y
1950-05-11;06:00:00;0.00;Y
1950-05-12;06:00:00;0.00;Y
1950-05-13;06:00:00;0.00;Y
1950-05-14;06:00:00;0.00;Y
1950-05-15;06:00:00;0.00;Y
1950-05-16;06:00:00;0.00;Y
1950-05-17;06:00:00;0.00;Y
1950-05-18;06:00:00;0.00;Y
1950-05-19;06:00:00;0.00;Y
1950-05-20;06:00:00;0.00;Y
1950-05-21;06:00:00;0.00;Y
1950-05-22;06:00:00;0.00;Y
1950-05-23;06:00:00;0.00;Y
1950-05-24;06:00:00;0.00;Y
1950-05-25;06:00:00;0.00;Y
1950-05-26;06:00:00;0.00;Y
1950-05-27;06:00:00;0.00;Y
1950-05-28;06:00:00;0.00;Y
1950-05-29;06:00:00;0.00;Y
1950-05-30;06:00:00;0.00;Y
1950-05-31;06:00:00;0.00;Y
1950-06-01;06:00:00;0.00;Y
1950-06-02;06:00:00;0.00;Y
1950-06-03;06:00:00;0.00;Y
1950-06-04;06:00:00;0.00;Y
1950-06-05;06:00:00;0.00;Y
1950-06-06;06:00:00;0.00;Y
1950-06-07;06:00:00;0.00;Y
1950-06-08;06:00:00;0.00;Y
1950-06-09;06:00:00;0.00;Y
1950-06-10;06:00:00;0.00;Y
1950-06-11;06:00:00;0.00;Y
1950-06-12;06:00:00;0.00;Y
1950-06-13;06:00:00;0.00;Y
1950-06-14;06:00:00;0.00;Y
1950-06-15;06:00:00;0.00;Y
1950-06-16;06:00:00;0.00;Y
1950-06-17;06:00:00;0.00;Y
1950-06-18;06:00:00;0.00;Y
1950-06-19;06:00:00;0.00;Y
1950-06-20;06:00:00;0.00;Y
1950-06-21;06:00:00;0.00;Y
1950-06-22;06:00:00;0.00;Y
1950-06-23;06:00:00;0.00;Y
1950-06-24;06:00:00;0.00;Y
1950-06-25;06:00:00;0.00;Y
1950-06-26;06:00:00;0.00;Y
1950-06-27;06:00:00;0.00;Y
1950-06-28;06:00:00;0.00;Y
1950-06-29;06:00:00;0.00;Y
1950-06-30;06:00:00;0.00;Y
1950-07-01;06:00:00;0.00;Y
1950-07-02;06:00:00;0.00;Y
1950-07-03;06:00:00;0.00;Y
1950-07-04;06:00:00;0.00;Y
1950-07-05;06:00:00;0.00;Y
1950-07-06;06:00:00;0.00;Y
1950-07-07;06:00:00;0.00;Y
1950-07-08;06:00:00;0.00;Y
1950-07-09;06:00:00;0.00;Y
1950-07-10;06:00:00;0.00;Y
1950-07-11;06:00:00;0.00;Y
1950-07-12;06:00:00;0.00;Y
1950-07-13;06:00:00;0.00;Y
1950-07-14;06:00:00;0.00;Y
1950-07-15;06:00:00;0.00;Y
1950-07-16;06:00:00;0.00;Y
1950-07-17;06:00:00;0.00;Y
1950-07-18;06:00:00;0.00;Y
1950-07-19;06:00:00;0.00;Y
1950-07-20;06:00:00;0.00;Y
1950-07-21;06:00:00;0.00;Y
1950-07-22;06:00:00;0.00;Y
1950-07-23;06:00:00;0.00;Y
1950-07-24;06:00:00;0.00;Y
1950-07-25;06:00:00;0.00;Y
1950-07-26;06:00:00;0.00;Y
1950-07-27;06:00:00;0.00;Y
1950-07-28;06:00:00;0.00;Y
1950-07-29;06:00:00;0.00;Y
1950-07-30;06:00:00;0.00;Y
1950-07-31;06:00:00;0.00;Y
1950-08-01;06:00:00;0.00;Y
1950-08-02;06:00:00;0.00;Y
1950-08-03;06:00:00;0.00;Y
1950-08-04;06:00:00;0.00;Y
1950-08-05;06:00:00;0.00;Y
1950-08-06;06:00:00;0.00;Y
1950-08-07;06:00:00;0.00;Y
1950-08-08;06:00:00;0.00;Y
1950-08-09;06:00:00;0.00;Y
1950-08-10;06:00:00;0.00;Y
1950-08-11;06:00:00;0.00;Y
1950-08-12;06:00:00;0.00;Y
1950-08-13;06:00:00;0.00;Y
1950-08-14;06:00:00;0.00;Y
1950-08-15;06:00:00;0.00;Y
1950-08-16;06:00:00;0.00;Y
1950-08-17;06:00:00;0.00;Y
1950-08-18;06:00:00;0.00;Y
1950-08-19;06:00:00;0.00;Y
1950-08-20;06:00:00;0.00;Y
1950-08-21;06:00:00;0.00;Y
1950-08-22;06:00:00;0.00;Y
1950-08-23;06:00:00;0.00;Y
1950-08-24;06:00:00;0.00;Y
1950-08-25;06:00:00;0.00;Y
1950-08-26;06:00:00;0.00;Y
1950-08-27;06:00:00;0.00;Y
1950-08-28;06:00:00;0.00;Y
1950-08-29;06:00:00;0.00;Y
1950-08-30;06:00:00;0.00;Y
1950-08-31;06:00:00;0.00;Y
1950-09-01;06:00:00;0.00;Y
1950-09-02;06:00:00;0.00;Y
1950-09-03;06:00:00;0.00;Y
1950-09-04;06:00:00;0.00;Y
1950-09-05;06:00:00;0.00;Y
1950-09-06;06:00:00;0.00;Y
1950-09-07;06:00:00;0.00;Y
1950-09-08;06:00:00;0.00;Y
1950-09-09;06:00:00;0.00;Y
1950-09-10;06:00:00;0.00;Y
1950-09-11;06:00:00;0.00;Y
1950-09-12;06:00:00;0.00;Y
1950-09-13;06:00:00;0.00;Y
1950-09-14;06:00:00;0.00;Y
1950-09-15;06:00:00;0.00;Y
1950-09-16;06:00:00;0.00;Y
1950-09-17;06:00:00;0.00;Y
1950-09-18;06:00:00;0.00;Y
1950-09-19;06:00:00;0.00;Y
1950-09-20;06:00:00;0.00;Y
1950-09-21;06:00:00;0.00;Y
1950-09-22;06:00:00;0.00;Y
1950-09-23;06:00:00;0.00;Y
1950-09-24;06:00:00;0.00;Y
1950-09-25;06:00:00;0.00;Y
1950-09-26;06:00:00;0.00;Y
1950-09-27;06:00:00;0.00;Y
1950-09-28;06:00:00;0.00;Y
1950-09-29;06:00:00;0.00;Y
1950-09-30;06:00:00;0.00;Y
1950-10-01;06:00:00;0.00;Y
1950-10-02;06:00:00;0.00;Y
1950-10-03;06:00:00;0.00;Y
1950-10-04;06:00:00;0.00;Y
1950-10-05;06:00:00;0.00;Y
1950-10-06;06:00:00;0.00;Y
1950-10-07;06:00:00;0.00;Y
1950-10-08;06:00:00;0.00;Y
1950-10-09;06:00:00;0.00;Y
1950-10-10;06:00:00;0.00;Y
1950-10-11;06:00:00;0.00;Y
1950-10-12;06:00:00;0.00;Y
1950-10-13;06:00:00;0.00;Y
1950-10-14;06:00:00;0.00;Y
1950-10-15;06:00:00;0.00;Y
1950-10-16;06:00:00;0.00;Y
1950-10-17;06:00:00;0.00;Y
1950-10-18;06:00:00;0.00;Y
1950-10-19;06:00:00;0.00;Y
1950-10-20;06:00:00;0.00;Y
1950-10-21;06:00:00;0.00;Y
1950-10-22;06:00:00;0.00;Y
1950-10-23;06:00:00;0.00;Y
1950-10-24;06:00:00;0.00;Y
1950-10-25;06:00:00;0.00;Y
1950-10-26;06:00:00;0.00;Y
1950-10-27;06:00:00;0.00;Y
1950-10-28;06:00:00;0.00;Y
1950-10-29;06:00:00;0.00;Y
1950-10-30;06:00:00;0.00;Y
1950-10-31;06:00:00;0.00;Y
1950-11-01;06:00:00;0.00;Y
1950-11-02;06:00:00;0.00;Y
1950-11-03;06:00:00;0.00;Y
1950-11-04;06:00:00;0.00;Y
1950-11-05;06:00:00;0.00;Y
1950-11-06;06:00:00;0.00;Y
1950-11-07;06:00:00;0.00;Y
1950-11-08;06:00:00;0.00;Y
1950-11-09;06:00:00;0.00;Y
1950-11-10;06:00:00;0.00;Y
1950-11-11;06:00:00;0.00;Y
1950-11-12;06:00:00;0.00;Y
1950-11-13;06:00:00;0.00;Y
1950-11-14;06:00:00;0.00;Y
1950-11-15;06:00:00;0.00;Y
1950-11-16;06:00:00;0.00;Y
1950-11-17;06:00:00;0.00;Y
1950-11-18;06:00:00;0.00;Y
1950-11-19;06:00:00;0.00;Y
1950-11-20;06:00:00;0.00;Y
1950-11-21;06:00:00;0.00;Y
1950-11-22;06:00:00;0.00;Y
1950-11-23;06:00:00;0.00;Y
1950-11-24;06:00:00;0.00;Y
1950-11-25;06:00:00;0.00;Y
1950-11-26;06:00:00;0.00;Y
1950-11-27;06:00:00;0.00;Y
1950-11-28;06:00:00;0.00;Y
1950-11-29;06:00:00;0.00;Y
1950-11-30;06:00:00;0.00;Y
1950-12-01;06:00:00;0.00;Y
1950-12-02;06:00:00;0.00;Y
1950-12-03;06:00:00;0.00;Y
1950-12-04;06:00:00;0.00;Y
1950-12-05;06:00:00;0.00;Y
1950-12-06;06:00:00;0.00;Y
1950-12-07;06:00:00;0.00;Y
1950-12-11;06:00:00;0.00;Y
1950-12-12;06:00:00;0.00;Y
1950-12-13;06:00:00;0.00;Y
1950-12-14;06:00:00;0.00;Y
1950-12-15;06:00:00;0.00;Y
1950-12-16;06:00:00;0.00;Y
1950-12-17;06:00:00;0.00;Y
1950-12-18;06:00:00;0.00;Y
1950-12-19;06:00:00;0.01;G
1950-12-20;06:00:00;0.02;G
1950-12-21;06:00:00;0.00;Y
1950-12-22;06:00:00;0.00;Y
1950-12-23;06:00:00;0.00;Y
1950-12-24;06:00:00;0.00;Y
1950-12-25;06:00:00;0.00;Y
1950-12-26;06:00:00;0.00;Y
1950-12-27;06:00:00;0.00;Y
1950-12-28;06:00:00;0.00;Y
1950-12-29;06:00:00;0.00;Y
1950-12-30;06:00:00;0.06;G
1950-12-31;06:00:00;0.18;G
1951-01-01;06:00:00;0.16;G
1951-01-02;06:00:00;0.21;G
1951-01-03;06:00:00;0.20;G
1951-01-04;06:00:00;0.14;G
1951-01-05;06:00:00;0.14;G
1951-01-06;06:00:00;0.20;G
1951-01-07;06:00:00;0.17;G
1951-01-08;06:00:00;0.31;G
1951-01-09;06:00:00;0.31;G
1951-01-10;06:00:00;0.34;G
1951-01-11;06:00:00;0.34;G
1951-01-12;06:00:00;0.32;G
1951-01-13;06:00:00;0.27;G
1951-01-14;06:00:00;0.21;G
1951-01-15;06:00:00;0.22;G
1951-01-16;06:00:00;0.22;G
1951-01-17;06:00:00;0.22;G
1951-01-18;06:00:00;0.21;G
1951-01-19;06:00:00;0.21;G
1951-01-20;06:00:00;0.20;G
1951-01-21;06:00:00;0.21;G
1951-01-22;06:00:00;0.21;G
1951-01-23;06:00:00;0.20;G
1951-01-24;06:00:00;0.20;G
1951-01-25;06:00:00;0.20;G
1951-01-26;06:00:00;0.20;G
1951-01-27;06:00:00;0.20;G
1951-01-28;06:00:00;0.23;G
1951-01-29;06:00:00;0.24;G
1951-01-30;06:00:00;0.25;G
1951-01-31;06:00:00;0.25;G
1951-02-01;06:00:00;0.25;G
1951-02-02;06:00:00;0.25;G
1951-02-03;06:00:00;0.24;G
1951-02-04;06:00:00;0.24;G
1951-02-05;06:00:00;0.24;G
1951-02-06;06:00:00;0.24;G
1951-02-07;06:00:00;0.24;G
1951-02-08;06:00:00;0.24;G
1951-02-09;06:00:00;0.22;G
1951-02-10;06:00:00;0.17;G
1951-02-11;06:00:00;0.17;G
1951-02-12;06:00:00;0.17;G
1951-02-13;06:00:00;0.19;G
1951-02-14;06:00:00;0.19;G
1951-02-15;06:00:00;0.20;G
1951-02-16;06:00:00;0.21;G
1951-02-17;06:00:00;0.23;G
1951-02-18;06:00:00;0.25;G
1951-02-19;06:00:00;0.23;G
1951-02-20;06:00:00;0.23;G
1951-02-21;06:00:00;0.20;G
1951-02-22;06:00:00;0.17;G
1951-02-23;06:00:00;0.15;G
1951-02-24;06:00:00;0.15;G
1951-02-25;06:00:00;0.15;G
1951-02-26;06:00:00;0.15;G
1951-02-27;06:00:00;0.15;G
1951-02-28;06:00:00;0.15;G
1951-03-01;06:00:00;0.16;G
1951-03-02;06:00:00;0.15;G
1951-03-03;06:00:00;0.15;G
1951-03-04;06:00:00;0.13;G
1951-03-05;06:00:00;0.15;G
1951-03-06;06:00:00;0.15;G
1951-03-07;06:00:00;0.15;G
1951-03-08;06:00:00;0.15;G
1951-03-09;06:00:00;0.18;G
1951-03-10;06:00:00;0.18;G
1951-03-11;06:00:00;0.20;G
1951-03-12;06:00:00;0.20;G
1951-03-13;06:00:00;0.20;G
1951-03-14;06:00:00;0.23;G
1951-03-15;06:00:00;0.24;G
1951-03-16;06:00:00;0.28;G
1951-03-17;06:00:00;0.28;G
1951-03-18;06:00:00;0.28;G
1951-03-19;06:00:00;0.30;G
1951-03-20;06:00:00;0.32;G
1951-03-21;06:00:00;0.35;G
1951-03-22;06:00:00;0.35;G
1951-03-23;06:00:00;0.37;G
1951-03-24;06:00:00;0.31;G
1951-03-25;06:00:00;0.30;G
1951-03-26;06:00:00;0.29;G
1951-03-27;06:00:00;0.27;G
1951-03-28;06:00:00;0.35;G
1951-03-29;06:00:00;0.41;G
1951-03-30;06:00:00;0.39;G
1951-03-31;06:00:00;0.37;G
1951-04-01;06:00:00;0.37;G
1951-04-02;06:00:00;0.33;G
1951-04-03;06:00:00;0.32;G
1951-04-04;06:00:00;0.28;G
1951-04-05;06:00:00;0.27;G
1951-04-06;06:00:00;0.24;G
1951-04-07;06:00:00;0.12;G
1951-04-08;06:00:00;0.00;Y
1951-04-09;06:00:00;0.00;Y
1951-04-10;06:00:00;0.00;Y
1951-04-11;06:00:00;0.00;Y
1951-04-12;06:00:00;0.00;Y
1951-04-13;06:00:00;0.00;Y
1951-04-14;06:00:00;0.00;Y
1951-04-15;06:00:00;0.00;Y
1951-04-16;06:00:00;0.00;Y
1951-04-17;06:00:00;0.00;Y
1951-04-18;06:00:00;0.00;Y
1951-04-19;06:00:00;0.00;Y
1951-04-20;06:00:00;0.00;Y
1951-04-21;06:00:00;0.00;Y
1951-04-22;06:00:00;0.00;Y
1951-04-23;06:00:00;0.00;Y
1951-04-24;06:00:00;0.00;Y
1951-04-25;06:00:00;0.00;Y
1951-04-26;06:00:00;0.00;Y
1951-04-27;06:00:00;0.00;Y
1951-04-28;06:00:00;0.00;Y
1951-04-29;06:00:00;0.00;Y
1951-04-30;06:00:00;0.00;Y
1951-05-01;06:00:00;0.00;Y
1951-05-02;06:00:00;0.00;Y
1951-05-03;06:00:00;0.00;Y
1951-05-04;06:00:00;0.00;Y
1951-05-05;06:00:00;0.00;Y
1951-05-06;06:00:00;0.00;Y
1951-05-07;06:00:00;0.00;Y
1951-05-08;06:00:00;0.00;Y
1951-05-09;06:00:00;0.00;Y
1951-05-10;06:00:00;0.00;Y
1951-05-11;06:00:00;0.00;Y
1951-05-12;06:00:00;0.00;Y
1951-05-13;06:00:00;0.00;Y
1951-05-14;06:00:00;0.00;Y
1951-05-15;06:00:00;0.00;Y
1951-05-16;06:00:00;0.00;Y
1951-05-17;06:00:00;0.00;Y
1951-05-18;06:00:00;0.00;Y
1951-05-19;06:00:00;0.00;Y
1951-05-20;06:00:00;0.00;Y
1951-05-21;06:00:00;0.00;Y
1951-05-22;06:00:00;0.00;Y
1951-05-23;06:00:00;0.00;Y
1951-05-24;06:00:00;0.00;Y
1951-05-25;06:00:00;0.00;Y
1951-05-26;06:00:00;0.00;Y
1951-05-27;06:00:00;0.00;Y
1951-05-28;06:00:00;0.00;Y
1951-05-29;06:00:00;0.00;Y
1951-05-30;06:00:00;0.00;Y
1951-05-31;06:00:00;0.00;Y
1951-06-01;06:00:00;0.00;Y
1951-06-02;06:00:00;0.00;Y
1951-06-03;06:00:00;0.00;Y
1951-06-04;06:00:00;0.00;Y
1951-06-05;06:00:00;0.00;Y
1951-06-06;06:00:00;0.00;Y
1951-06-07;06:00:00;0.00;Y
1951-06-08;06:00:00;0.00;Y
1951-06-09;06:00:00;0.00;Y
1951-06-10;06:00:00;0.00;Y
1951-06-11;06:00:00;0.00;Y
1951-06-12;06:00:00;0.00;Y
1951-06-13;06:00:00;0.00;Y
1951-06-14;06:00:00;0.00;Y
1951-06-15;06:00:00;0.00;Y
1951-06-16;06:00:00;0.00;Y
1951-06-17;06:00:00;0.00;Y
1951-06-18;06:00:00;0.00;Y
1951-06-19;06:00:00;0.00;Y
1951-06-20;06:00:00;0.00;Y
1951-06-21;06:00:00;0.00;Y
1951-06-22;06:00:00;0.00;Y
1951-06-23;06:00:00;0.00;Y
1951-06-24;06:00:00;0.00;Y
1951-06-25;06:00:00;0.00;Y
1951-06-26;06:00:00;0.00;Y
1951-06-27;06:00:00;0.00;Y
1951-06-28;06:00:00;0.00;Y
1951-06-29;06:00:00;0.00;Y
1951-06-30;06:00:00;0.00;Y
1951-07-01;06:00:00;0.00;Y
1951-07-02;06:00:00;0.00;Y
1951-07-03;06:00:00;0.00;Y
1951-07-04;06:00:00;0.00;Y
1951-07-05;06:00:00;0.00;Y
1951-07-06;06:00:00;0.00;Y
1951-07-07;06:00:00;0.00;Y
1951-07-08;06:00:00;0.00;Y
1951-07-09;06:00:00;0.00;Y
1951-07-10;06:00:00;0.00;Y
1951-07-11;06:00:00;0.00;Y
1951-07-12;06:00:00;0.00;Y
1951-07-13;06:00:00;0.00;Y
1951-07-14;06:00:00;0.00;Y
1951-07-15;06:00:00;0.00;Y
1951-07-16;06:00:00;0.00;Y
1951-07-17;06:00:00;0.00;Y
1951-07-18;06:00:00;0.00;Y
1951-07-19;06:00:00;0.00;Y
1951-07-20;06:00:00;0.00;Y
1951-07-21;06:00:00;0.00;Y
1951-07-22;06:00:00;0.00;Y
1951-07-23;06:00:00;0.00;Y
1951-07-24;06:00:00;0.00;Y
1951-07-25;06:00:00;0.00;Y
1951-07-26;06:00:00;0.00;Y
1951-07-27;06:00:00;0.00;Y
1951-07-28;06:00:00;0.00;Y
1951-07-29;06:00:00;0.00;Y
1951-07-30;06:00:00;0.00;Y
1951-07-31;06:00:00;0.00;Y
1951-08-01;06:00:00;0.00;Y
1951-08-02;06:00:00;0.00;Y
1951-08-03;06:00:00;0.00;Y
1951-08-04;06:00:00;0.00;Y
1951-08-05;06:00:00;0.00;Y
1951-08-06;06:00:00;0.00;Y
1951-08-07;06:00:00;0.00;Y
1951-08-08;06:00:00;0.00;Y
1951-08-09;06:00:00;0.00;Y
1951-08-10;06:00:00;0.00;Y
1951-08-11;06:00:00;0.00;Y
1951-08-12;06:00:00;0.00;Y
1951-08-13;06:00:00;0.00;Y
1951-08-14;06:00:00;0.00;Y
1951-08-15;06:00:00;0.00;Y
1951-08-16;06:00:00;0.00;Y
1951-08-17;06:00:00;0.00;Y
1951-08-18;06:00:00;0.00;Y
1951-08-19;06:00:00;0.00;Y
1951-08-20;06:00:00;0.00;Y
1951-08-21;06:00:00;0.00;Y
1951-08-22;06:00:00;0.00;Y
1951-08-23;06:00:00;0.00;Y
1951-08-24;06:00:00;0.00;Y
1951-08-25;06:00:00;0.00;Y
1951-08-26;06:00:00;0.00;Y
1951-08-27;06:00:00;0.00;Y
1951-08-28;06:00:00;0.00;Y
1951-08-29;06:00:00;0.00;Y
1951-08-30;06:00:00;0.00;Y
1951-08-31;06:00:00;0.00;Y
1951-09-01;06:00:00;0.00;Y
1951-09-02;06:00:00;0.00;Y
1951-09-03;06:00:00;0.00;Y
1951-09-04;06:00:00;0.00;Y
1951-09-05;06:00:00;0.00;Y
1951-09-06;06:00:00;0.00;Y
1951-09-07;06:00:00;0.00;Y
1951-09-08;06:00:00;0.00;Y
1951-09-09;06:00:00;0.00;Y
1951-09-10;06:00:00;0.00;Y
1951-09-11;06:00:00;0.00;Y
1951-09-12;06:00:00;0.00;Y
1951-09-13;06:00:00;0.00;Y
1951-09-14;06:00:00;0.00;Y
1951-09-15;06:00:00;0.00;Y
1951-09-16;06:00:00;0.00;Y
1951-09-17;06:00:00;0.00;Y
1951-09-18;06:00:00;0.00;Y
1951-09-19;06:00:00;0.00;Y
1951-09-20;06:00:00;0.00;Y
1951-09-21;06:00:00;0.00;Y
1951-09-22;06:00:00;0.00;Y
1951-09-23;06:00:00;0.00;Y
1951-09-24;06:00:00;0.00;Y
1951-09-25;06:00:00;0.00;Y
1951-09-26;06:00:00;0.00;Y
1951-09-27;06:00:00;0.00;Y
1951-09-28;06:00:00;0.00;Y
1951-09-29;06:00:00;0.00;Y
1951-09-30;06:00:00;0.00;Y
1951-10-01;06:00:00;0.00;Y
1951-10-02;06:00:00;0.00;Y
1951-10-03;06:00:00;0.00;Y
1951-10-04;06:00:00;0.00;Y
1951-10-05;06:00:00;0.00;Y
1951-10-06;06:00:00;0.00;Y
1951-10-07;06:00:00;0.00;Y
1951-10-08;06:00:00;0.00;Y
1951-10-09;06:00:00;0.00;Y
1951-10-10;06:00:00;0.00;Y
1951-10-11;06:00:00;0.00;Y
1951-10-12;06:00:00;0.00;Y
1951-10-13;06:00:00;0.00;Y
1951-10-14;06:00:00;0.00;Y
1951-10-15;06:00:00;0.00;Y
1951-10-16;06:00:00;0.00;Y
1951-10-17;06:00:00;0.00;Y
1951-10-18;06:00:00;0.00;Y
1951-10-19;06:00:00;0.00;Y
1951-10-20;06:00:00;0.00;Y
1951-10-21;06:00:00;0.00;Y
1951-10-22;06:00:00;0.00;Y
1951-10-23;06:00:00;0.00;Y
1951-10-24;06:00:00;0.00;Y
1951-10-25;06:00:00;0.00;Y
1951-10-26;06:00:00;0.00;Y
1951-10-27;06:00:00;0.00;Y
1951-10-28;06:00:00;0.00;Y
1951-10-29;06:00:00;0.00;Y
1951-10-30;06:00:00;0.00;Y
1951-10-31;06:00:00;0.00;Y
1951-11-01;06:00:00;0.00;Y
1951-11-02;06:00:00;0.00;Y
1951-11-03;06:00:00;0.00;Y
1951-11-04;06:00:00;0.00;Y
1951-11-05;06:00:00;0.00;Y
1951-11-06;06:00:00;0.00;Y
1951-11-07;06:00:00;0.00;Y
1951-11-08;06:00:00;0.00;Y
1951-11-09;06:00:00;0.00;Y
1951-11-10;06:00:00;0.00;Y
1951-11-11;06:00:00;0.00;Y
1951-11-12;06:00:00;0.00;Y
1951-11-13;06:00:00;0.00;Y
1951-11-14;06:00:00;0.00;Y
1951-11-15;06:00:00;0.00;Y
1951-11-16;06:00:00;0.00;Y
1951-11-17;06:00:00;0.00;Y
1951-11-18;06:00:00;0.00;Y
1951-11-19;06:00:00;0.00;Y
1951-11-20;06:00:00;0.00;Y
1951-11-21;06:00:00;0.00;Y
1951-11-22;06:00:00;0.00;Y
1951-11-23;06:00:00;0.00;Y
1951-11-24;06:00:00;0.00;Y
1951-11-25;06:00:00;0.00;Y
1951-11-26;06:00:00;0.00;Y
1951-11-27;06:00:00;0.00;Y
1951-11-28;06:00:00;0.00;Y
1951-11-29;06:00:00;0.00;Y
1951-11-30;06:00:00;0.00;Y
1951-12-01;06:00:00;0.00;Y
1951-12-02;06:00:00;0.00;Y
1951-12-03;06:00:00;0.00;Y
1951-12-04;06:00:00;0.00;Y
1951-12-05;06:00:00;0.00;Y
1951-12-06;06:00:00;0.00;Y
1951-12-07;06:00:00;0.00;Y
1951-12-08;06:00:00;0.00;Y
1951-12-09;06:00:00;0.00;Y
1951-12-10;06:00:00;0.00;Y
1951-12-11;06:00:00;0.00;Y
1951-12-12;06:00:00;0.00;Y
1951-12-13;06:00:00;0.00;Y
1951-12-14;06:00:00;0.00;Y
1951-12-15;06:00:00;0.00;Y
1951-12-16;06:00:00;0.00;Y
1951-12-17;06:00:00;0.00;Y
1951-12-18;06:00:00;0.00;Y
1951-12-19;06:00:00;0.00;Y
1951-12-20;06:00:00;0.00;Y
1951-12-21;06:00:00;0.00;Y
1951-12-22;06:00:00;0.00;Y
1951-12-23;06:00:00;0.00;Y
1951-12-24;06:00:00;0.00;Y
1951-12-25;06:00:00;0.00;Y
1951-12-26;06:00:00;0.00;Y
1951-12-27;06:00:00;0.00;Y
1951-12-28;06:00:00;0.00;Y
1951-12-29;06:00:00;0.00;Y
1951-12-30;06:00:00;0.00;Y
1951-12-31;06:00:00;0.00;Y
1952-01-01;06:00:00;0.00;Y
1952-01-02;06:00:00;0.00;Y
1952-01-03;06:00:00;0.00;Y
1952-01-04;06:00:00;0.00;Y
1952-01-05;06:00:00;0.00;Y
1952-01-06;06:00:00;0.00;Y
1952-01-07;06:00:00;0.00;Y
1952-01-08;06:00:00;0.00;Y
1952-01-09;06:00:00;0.00;Y
1952-01-10;06:00:00;0.00;Y
1952-01-11;06:00:00;0.00;Y
1952-01-12;06:00:00;0.00;Y
1952-01-13;06:00:00;0.02;G
1952-01-14;06:00:00;0.02;G
1952-01-15;06:00:00;0.02;G
1952-01-16;06:00:00;0.00;Y
1952-01-17;06:00:00;0.00;Y
1952-01-18;06:00:00;0.02;G
1952-01-19;06:00:00;0.01;G
1952-01-20;06:00:00;0.00;Y
1952-01-21;06:00:00;0.00;Y
1952-01-22;06:00:00;0.00;Y
1952-01-23;06:00:00;0.00;Y
1952-01-24;06:00:00;0.00;Y
1952-01-25;06:00:00;0.00;Y
1952-01-26;06:00:00;0.00;Y
1952-01-27;06:00:00;0.00;Y
1952-01-28;06:00:00;0.09;G
1952-01-29;06:00:00;0.09;G
1952-01-30;06:00:00;0.12;G
1952-01-31;06:00:00;0.12;G
1952-02-01;06:00:00;0.13;G
1952-02-02;06:00:00;0.13;G
1952-02-03;06:00:00;0.11;G
1952-02-04;06:00:00;0.11;G
1952-02-05;06:00:00;0.11;G
1952-02-06;06:00:00;0.10;G
1952-02-07;06:00:00;0.08;G
1952-02-08;06:00:00;0.09;G
1952-02-09;06:00:00;0.12;G
1952-02-10;06:00:00;0.20;G
1952-02-11;06:00:00;0.20;G
1952-02-12;06:00:00;0.19;G
1952-02-13;06:00:00;0.19;G
1952-02-14;06:00:00;0.18;G
1952-02-15;06:00:00;0.18;G
1952-02-16;06:00:00;0.18;G
1952-02-17;06:00:00;0.18;G
1952-02-18;06:00:00;0.18;G
1952-02-19;06:00:00;0.16;G
1952-02-20;06:00:00;0.16;G
1952-02-21;06:00:00;0.13;G
1952-02-22;06:00:00;0.12;G
1952-02-23;06:00:00;0.12;G
1952-02-24;06:00:00;0.12;G
1952-02-25;06:00:00;0.12;G
1952-02-26;06:00:00;0.08;G
1952-02-27;06:00:00;0.04;G
1952-02-28;06:00:00;0.03;G
1952-02-29;06:00:00;0.00;Y
1952-03-01;06:00:00;0.01;G
1952-03-02;06:00:00;0.01;G
1952-03-03;06:00:00;0.00;G
1952-03-04;06:00:00;0.01;G
1952-03-05;06:00:00;0.01;G
1952-03-06;06:00:00;0.01;G
1952-03-07;06:00:00;0.01;G
1952-03-08;06:00:00;0.01;G
1952-03-09;06:00:00;0.01;G
1952-03-10;06:00:00;0.00;G
1952-03-11;06:00:00;0.00;G
1952-03-12;06:00:00;0.00;Y
1952-03-13;06:00:00;0.00;Y
1952-03-14;06:00:00;0.00;Y
1952-03-15;06:00:00;0.00;Y
1952-03-16;06:00:00;0.00;Y
1952-03-17;06:00:00;0.00;Y
1952-03-18;06:00:00;0.00;Y
1952-03-19;06:00:00;0.00;Y
1952-03-20;06:00:00;0.00;Y
1952-03-21;06:00:00;0.00;Y
1952-03-22;06:00:00;0.05;G
1952-03-23;06:00:00;0.06;G
1952-03-24;06:00:00;0.08;G
1952-03-25;06:00:00;0.17;G
1952-03-26;06:00:00;0.17;G
1952-03-27;06:00:00;0.14;G
1952-03-28;06:00:00;0.12;G
1952-03-29;06:00:00;0.10;G
1952-03-30;06:00:00;0.10;G
1952-03-31;06:00:00;0.09;G
1952-04-01;06:00:00;0.17;G
1952-04-02;06:00:00;0.20;G
1952-04-03;06:00:00;0.19;G
1952-04-04;06:00:00;0.12;Y
1952-04-05;06:00:00;0.08;G
1952-04-06;06:00:00;0.04;G
1952-04-07;06:00:00;0.00;Y
1952-04-08;06:00:00;0.00;Y
1952-04-09;06:00:00;0.00;Y
1952-04-10;06:00:00;0.00;Y
1952-04-11;06:00:00;0.00;Y
1952-04-12;06:00:00;0.00;Y
1952-04-13;06:00:00;0.00;Y
1952-04-14;06:00:00;0.00;Y
1952-04-15;06:00:00;0.00;Y
1952-04-16;06:00:00;0.00;Y
1952-04-17;06:00:00;0.00;Y
1952-04-18;06:00:00;0.00;Y
1952-04-19;06:00:00;0.00;Y
1952-04-20;06:00:00;0.00;Y
1952-04-21;06:00:00;0.00;Y
1952-04-22;06:00:00;0.00;Y
1952-04-23;06:00:00;0.00;Y
1952-04-24;06:00:00;0.00;Y
1952-04-25;06:00:00;0.00;Y
1952-04-26;06:00:00;0.00;Y
1952-04-27;06:00:00;0.00;Y
1952-04-28;06:00:00;0.00;Y
1952-04-29;06:00:00;0.00;Y
1952-04-30;06:00:00;0.00;Y
1952-05-01;06:00:00;0.00;Y
1952-05-02;06:00:00;0.00;Y
1952-05-03;06:00:00;0.00;Y
1952-05-04;06:00:00;0.00;Y
1952-05-05;06:00:00;0.00;Y
1952-05-06;06:00:00;0.00;Y
1952-05-07;06:00:00;0.00;Y
1952-05-08;06:00:00;0.00;Y
1952-05-09;06:00:00;0.00;Y
1952-05-10;06:00:00;0.00;Y
1952-05-11;06:00:00;0.00;Y
1952-05-12;06:00:00;0.00;Y
1952-05-13;06:00:00;0.00;Y
1952-05-14;06:00:00;0.00;Y
1952-05-15;06:00:00;0.00;Y
1952-05-16;06:00:00;0.00;Y
1952-05-17;06:00:00;0.00;Y
1952-05-18;06:00:00;0.00;Y
1952-05-19;06:00:00;0.00;Y
1952-05-20;06:00:00;0.00;Y
1952-05-21;06:00:00;0.00;Y
1952-05-22;06:00:00;0.00;Y
1952-05-23;06:00:00;0.00;Y
1952-05-24;06:00:00;0.00;Y
1952-05-25;06:00:00;0.00;Y
1952-05-26;06:00:00;0.00;Y
1952-05-27;06:00:00;0.00;Y
1952-05-28;06:00:00;0.00;Y
1952-05-29;06:00:00;0.00;Y
1952-05-30;06:00:00;0.00;Y
1952-05-31;06:00:00;0.00;Y
1952-06-01;06:00:00;0.00;Y
1952-06-02;06:00:00;0.00;Y
1952-06-03;06:00:00;0.00;Y
1952-06-04;06:00:00;0.00;Y
1952-06-05;06:00:00;0.00;Y
1952-06-06;06:00:00;0.00;Y
1952-06-07;06:00:00;0.00;Y
1952-06-08;06:00:00;0.00;Y
1952-06-09;06:00:00;0.00;Y
1952-06-10;06:00:00;0.00;Y
1952-06-11;06:00:00;0.00;Y
1952-06-12;06:00:00;0.00;Y
1952-06-13;06:00:00;0.00;Y
1952-06-14;06:00:00;0.00;Y
1952-06-15;06:00:00;0.00;Y
1952-06-16;06:00:00;0.00;Y
1952-06-17;06:00:00;0.00;Y
1952-06-18;06:00:00;0.00;Y
1952-06-19;06:00:00;0.00;Y
1952-06-20;06:00:00;0.00;Y
1952-06-21;06:00:00;0.00;Y
1952-06-22;06:00:00;0.00;Y
1952-06-23;06:00:00;0.00;Y
1952-06-24;06:00:00;0.00;Y
1952-06-25;06:00:00;0.00;Y
1952-06-26;06:00:00;0.00;Y
1952-06-27;06:00:00;0.00;Y
1952-06-28;06:00:00;0.00;Y
1952-06-29;06:00:00;0.00;Y
1952-06-30;06:00:00;0.00;Y
1952-07-01;06:00:00;0.00;Y
1952-07-02;06:00:00;0.00;Y
1952-07-03;06:00:00;0.00;Y
1952-07-04;06:00:00;0.00;Y
1952-07-05;06:00:00;0.00;Y
1952-07-06;06:00:00;0.00;Y
1952-07-07;06:00:00;0.00;Y
1952-07-08;06:00:00;0.00;Y
1952-07-09;06:00:00;0.00;Y
1952-07-10;06:00:00;0.00;Y
1952-07-11;06:00:00;0.00;Y
1952-07-12;06:00:00;0.00;Y
1952-07-13;06:00:00;0.00;Y
1952-07-14;06:00:00;0.00;Y
1952-07-15;06:00:00;0.00;Y
1952-07-16;06:00:00;0.00;Y
1952-07-17;06:00:00;0.00;Y
1952-07-18;06:00:00;0.00;Y
1952-07-19;06:00:00;0.00;Y
1952-07-20;06:00:00;0.00;Y
1952-07-21;06:00:00;0.00;Y
1952-07-22;06:00:00;0.00;Y
1952-07-23;06:00:00;0.00;Y
1952-07-24;06:00:00;0.00;Y
1952-07-25;06:00:00;0.00;Y
1952-07-26;06:00:00;0.00;Y
1952-07-27;06:00:00;0.00;Y
1952-07-28;06:00:00;0.00;Y
1952-07-29;06:00:00;0.00;Y
1952-07-30;06:00:00;0.00;Y
1952-07-31;06:00:00;0.00;Y
1952-08-01;06:00:00;0.00;Y
1952-08-02;06:00:00;0.00;Y
1952-08-03;06:00:00;0.00;Y
1952-08-04;06:00:00;0.00;Y
1952-08-05;06:00:00;0.00;Y
1952-08-06;06:00:00;0.00;Y
1952-08-07;06:00:00;0.00;Y
1952-08-08;06:00:00;0.00;Y
1952-08-09;06:00:00;0.00;Y
1952-08-10;06:00:00;0.00;Y
1952-08-11;06:00:00;0.00;Y
1952-08-12;06:00:00;0.00;Y
1952-08-13;06:00:00;0.00;Y
1952-08-14;06:00:00;0.00;Y
1952-08-15;06:00:00;0.00;Y
1952-08-16;06:00:00;0.00;Y
1952-08-17;06:00:00;0.00;Y
1952-08-18;06:00:00;0.00;Y
1952-08-19;06:00:00;0.00;Y
1952-08-20;06:00:00;0.00;Y
1952-08-21;06:00:00;0.00;Y
1952-08-22;06:00:00;0.00;Y
1952-08-23;06:00:00;0.00;Y
1952-08-24;06:00:00;0.00;Y
1952-08-25;06:00:00;0.00;Y
1952-08-26;06:00:00;0.00;Y
1952-08-27;06:00:00;0.00;Y
1952-08-28;06:00:00;0.00;Y
1952-08-29;06:00:00;0.00;Y
1952-08-30;06:00:00;0.00;Y
1952-08-31;06:00:00;0.00;Y
1952-09-01;06:00:00;0.00;Y
1952-09-02;06:00:00;0.00;Y
1952-09-03;06:00:00;0.00;Y
1952-09-04;06:00:00;0.00;Y
1952-09-05;06:00:00;0.00;Y
1952-09-06;06:00:00;0.00;Y
1952-09-07;06:00:00;0.00;Y
1952-09-08;06:00:00;0.00;Y
1952-09-09;06:00:00;0.00;Y
1952-09-10;06:00:00;0.00;Y
1952-09-11;06:00:00;0.00;Y
1952-09-12;06:00:00;0.00;Y
1952-09-13;06:00:00;0.00;Y
1952-09-14;06:00:00;0.00;Y
1952-09-15;06:00:00;0.00;Y
1952-09-16;06:00:00;0.00;Y
1952-09-17;06:00:00;0.00;Y
1952-09-18;06:00:00;0.00;Y
1952-09-19;06:00:00;0.00;Y
1952-09-20;06:00:00;0.00;Y
1952-09-21;06:00:00;0.00;Y
1952-09-22;06:00:00;0.00;Y
1952-09-23;06:00:00;0.00;Y
1952-09-24;06:00:00;0.00;Y
1952-09-25;06:00:00;0.00;Y
1952-09-26;06:00:00;0.00;Y
1952-09-27;06:00:00;0.00;Y
1952-09-28;06:00:00;0.00;Y
1952-09-29;06:00:00;0.00;Y
1952-09-30;06:00:00;0.00;Y
1952-10-01;06:00:00;0.00;Y
1952-10-02;06:00:00;0.00;Y
1952-10-03;06:00:00;0.00;Y
1952-10-04;06:00:00;0.00;Y
1952-10-05;06:00:00;0.00;Y
1952-10-06;06:00:00;0.00;Y
1952-10-07;06:00:00;0.00;Y
1952-10-08;06:00:00;0.00;Y
1952-10-09;06:00:00;0.00;Y
1952-10-10;06:00:00;0.00;Y
1952-10-11;06:00:00;0.00;Y
1952-10-12;06:00:00;0.00;Y
1952-10-13;06:00:00;0.00;Y
1952-10-14;06:00:00;0.00;Y
1952-10-15;06:00:00;0.00;Y
1952-10-16;06:00:00;0.00;Y
1952-10-17;06:00:00;0.00;Y
1952-10-18;06:00:00;0.00;Y
1952-10-19;06:00:00;0.00;Y
1952-10-20;06:00:00;0.00;Y
1952-10-21;06:00:00;0.00;Y
1952-10-22;06:00:00;0.00;Y
1952-10-23;06:00:00;0.00;Y
1952-10-24;06:00:00;0.00;Y
1952-10-25;06:00:00;0.00;Y
1952-10-26;06:00:00;0.00;Y
1952-10-27;06:00:00;0.00;Y
1952-10-28;06:00:00;0.00;Y
1952-10-29;06:00:00;0.00;Y
1952-10-30;06:00:00;0.00;Y
1952-10-31;06:00:00;0.00;Y
1952-11-01;06:00:00;0.00;Y
1952-11-02;06:00:00;0.00;Y
1952-11-03;06:00:00;0.00;Y
1952-11-04;06:00:00;0.00;Y
1952-11-05;06:00:00;0.00;Y
1952-11-06;06:00:00;0.00;Y
1952-11-07;06:00:00;0.00;Y
1952-11-08;06:00:00;0.00;Y
1952-11-09;06:00:00;0.00;Y
1952-11-10;06:00:00;0.00;Y
1952-11-11;06:00:00;0.01;G
1952-11-12;06:00:00;0.00;Y
1952-11-13;06:00:00;0.00;Y
1952-11-14;06:00:00;0.00;Y
1952-11-15;06:00:00;0.00;Y
1952-11-16;06:00:00;0.00;Y
1952-11-17;06:00:00;0.00;Y
1952-11-18;06:00:00;0.00;Y
1952-11-19;06:00:00;0.00;Y
1952-11-20;06:00:00;0.00;Y
1952-11-21;06:00:00;0.00;Y
1952-11-22;06:00:00;0.00;Y
1952-11-23;06:00:00;0.00;Y
1952-11-24;06:00:00;0.00;Y
1952-11-25;06:00:00;0.06;G
1952-11-26;06:00:00;0.00;G
1952-11-27;06:00:00;0.05;G
1952-11-28;06:00:00;0.05;G
1952-11-29;06:00:00;0.05;G
1952-11-30;06:00:00;0.05;G
1952-12-01;06:00:00;0.05;Y
1952-12-02;06:00:00;0.04;G
1952-12-03;06:00:00;0.07;G
1952-12-04;06:00:00;0.10;G
1952-12-05;06:00:00;0.10;G
1952-12-06;06:00:00;0.10;G
1952-12-07;06:00:00;0.06;G
1952-12-08;06:00:00;0.06;G
1952-12-09;06:00:00;0.04;G
1952-12-10;06:00:00;0.00;Y
1952-12-11;06:00:00;0.00;Y
1952-12-12;06:00:00;0.00;Y
1952-12-13;06:00:00;0.00;Y
1952-12-14;06:00:00;0.02;G
1952-12-15;06:00:00;0.05;G
1952-12-16;06:00:00;0.04;G
1952-12-17;06:00:00;0.00;G
1952-12-18;06:00:00;0.04;G
1952-12-19;06:00:00;0.03;G
1952-12-20;06:00:00;0.03;G
1952-12-21;06:00:00;0.10;G
1952-12-22;06:00:00;0.10;G
1952-12-23;06:00:00;0.14;G
1952-12-24;06:00:00;0.15;G
1952-12-25;06:00:00;0.10;G
1952-12-26;06:00:00;0.07;G
1952-12-27;06:00:00;0.03;G
1952-12-28;06:00:00;0.03;G
1952-12-29;06:00:00;0.05;G
1952-12-30;06:00:00;0.04;G
1952-12-31;06:00:00;0.08;G
1953-01-01;06:00:00;0.08;G
1953-01-02;06:00:00;0.08;G
1953-01-03;06:00:00;0.07;G
1953-01-04;06:00:00;0.07;G
1953-01-05;06:00:00;0.07;G
1953-01-06;06:00:00;0.07;G
1953-01-07;06:00:00;0.07;G
1953-01-08;06:00:00;0.07;G
1953-01-09;06:00:00;0.08;G
1953-01-10;06:00:00;0.08;G
1953-01-11;06:00:00;0.08;G
1953-01-12;06:00:00;0.07;G
1953-01-13;06:00:00;0.07;G
1953-01-14;06:00:00;0.04;G
1953-01-15;06:00:00;0.04;G
1953-01-16;06:00:00;0.05;G
1953-01-17;06:00:00;0.04;G
1953-01-18;06:00:00;0.03;G
1953-01-19;06:00:00;0.00;Y
1953-01-20;06:00:00;0.00;Y
1953-01-21;06:00:00;0.00;Y
1953-01-22;06:00:00;0.00;Y
1953-01-23;06:00:00;0.00;Y
1953-01-24;06:00:00;0.00;Y
1953-01-25;06:00:00;0.00;Y
1953-01-26;06:00:00;0.00;Y
1953-01-27;06:00:00;0.00;Y
1953-01-28;06:00:00;0.00;G
1953-01-29;06:00:00;0.00;Y
1953-01-30;06:00:00;0.00;Y
1953-01-31;06:00:00;0.00;Y
1953-02-01;06:00:00;0.00;Y
1953-02-02;06:00:00;0.03;G
1953-02-03;06:00:00;0.06;G
1953-02-04;06:00:00;0.11;G
1953-02-05;06:00:00;0.14;G
1953-02-06;06:00:00;0.40;G
1953-02-07;06:00:00;0.40;G
1953-02-08;06:00:00;0.32;G
1953-02-09;06:00:00;0.28;Y
1953-02-10;06:00:00;0.38;G
1953-02-11;06:00:00;0.40;G
1953-02-12;06:00:00;0.40;G
1953-02-13;06:00:00;0.32;G
1953-02-14;06:00:00;0.32;G
1953-02-15;06:00:00;0.32;G
1953-02-16;06:00:00;0.30;G
1953-02-17;06:00:00;0.30;G
1953-02-18;06:00:00;0.00;G
1953-02-19;06:00:00;0.00;G
1953-02-20;06:00:00;0.00;G
1953-02-21;06:00:00;0.00;G
1953-02-22;06:00:00;0.10;G
1953-02-23;06:00:00;0.10;G
1953-02-24;06:00:00;0.10;G
1953-02-25;06:00:00;0.10;G
1953-02-26;06:00:00;0.07;G
1953-02-27;06:00:00;0.04;G
1953-02-28;06:00:00;0.00;G
1953-03-01;06:00:00;0.00;G
1953-03-02;06:00:00;0.00;G
1953-03-03;06:00:00;0.00;Y
1953-03-04;06:00:00;0.00;Y
1953-03-05;06:00:00;0.00;Y
1953-03-06;06:00:00;0.00;Y
1953-03-07;06:00:00;0.00;Y
1953-03-08;06:00:00;0.00;Y
1953-03-09;06:00:00;0.00;Y
1953-03-10;06:00:00;0.00;Y
1953-03-11;06:00:00;0.00;Y
1953-03-12;06:00:00;0.00;Y
1953-03-13;06:00:00;0.00;Y
1953-03-14;06:00:00;0.00;Y
1953-03-15;06:00:00;0.00;Y
1953-03-16;06:00:00;0.00;Y
1953-03-17;06:00:00;0.00;Y
1953-03-18;06:00:00;0.00;Y
1953-03-19;06:00:00;0.00;Y
1953-03-20;06:00:00;0.00;Y
1953-03-21;06:00:00;0.00;Y
1953-03-22;06:00:00;0.00;Y
1953-03-23;06:00:00;0.00;Y
1953-03-24;06:00:00;0.00;Y
1953-03-25;06:00:00;0.00;Y
1953-03-26;06:00:00;0.00;Y
1953-03-27;06:00:00;0.00;Y
1953-03-28;06:00:00;0.00;Y
1953-03-29;06:00:00;0.00;Y
1953-03-30;06:00:00;0.00;Y
1953-03-31;06:00:00;0.00;Y
1953-04-01;06:00:00;0.04;G
1953-04-02;06:00:00;0.00;Y
1953-04-03;06:00:00;0.00;Y
1953-04-04;06:00:00;0.00;Y
1953-04-05;06:00:00;0.00;Y
1953-04-06;06:00:00;0.00;Y
1953-04-07;06:00:00;0.00;Y
1953-04-08;06:00:00;0.00;Y
1953-04-09;06:00:00;0.00;Y
1953-04-10;06:00:00;0.00;Y
1953-04-11;06:00:00;0.00;Y
1953-04-12;06:00:00;0.00;Y
1953-04-13;06:00:00;0.00;Y
1953-04-14;06:00:00;0.00;Y
1953-04-15;06:00:00;0.00;Y
1953-04-16;06:00:00;0.00;Y
1953-04-17;06:00:00;0.00;Y
1953-04-18;06:00:00;0.00;Y
1953-04-19;06:00:00;0.00;Y
1953-04-20;06:00:00;0.00;Y
1953-04-21;06:00:00;0.00;Y
1953-04-22;06:00:00;0.00;Y
1953-04-23;06:00:00;0.00;Y
1953-04-24;06:00:00;0.00;Y
1953-04-25;06:00:00;0.00;Y
1953-04-26;06:00:00;0.00;Y
1953-04-27;06:00:00;0.00;Y
1953-04-28;06:00:00;0.00;Y
1953-04-29;06:00:00;0.00;Y
1953-04-30;06:00:00;0.00;Y
1953-05-01;06:00:00;0.00;Y
1953-05-02;06:00:00;0.00;Y
1953-05-03;06:00:00;0.00;Y
1953-05-04;06:00:00;0.00;Y
1953-05-05;06:00:00;0.00;Y
1953-05-06;06:00:00;0.00;Y
1953-05-07;06:00:00;0.00;Y
1953-05-08;06:00:00;0.00;Y
1953-05-09;06:00:00;0.00;Y
1953-05-10;06:00:00;0.00;Y
1953-05-11;06:00:00;0.00;Y
1953-05-12;06:00:00;0.00;Y
1953-05-13;06:00:00;0.00;Y
1953-05-14;06:00:00;0.00;Y
1953-05-15;06:00:00;0.00;Y
1953-05-16;06:00:00;0.00;Y
1953-05-17;06:00:00;0.00;Y
1953-05-18;06:00:00;0.00;Y
1953-05-19;06:00:00;0.00;Y
1953-05-20;06:00:00;0.00;Y
1953-05-21;06:00:00;0.00;Y
1953-05-22;06:00:00;0.00;Y
1953-05-23;06:00:00;0.00;Y
1953-05-24;06:00:00;0.00;Y
1953-05-25;06:00:00;0.00;Y
1953-05-26;06:00:00;0.00;Y
1953-05-27;06:00:00;0.00;Y
1953-05-28;06:00:00;0.00;Y
1953-05-29;06:00:00;0.00;Y
1953-05-30;06:00:00;0.00;Y
1953-05-31;06:00:00;0.00;Y
1953-06-01;06:00:00;0.00;Y
1953-06-02;06:00:00;0.00;Y
1953-06-03;06:00:00;0.00;Y
1953-06-04;06:00:00;0.00;Y
1953-06-05;06:00:00;0.00;Y
1953-06-06;06:00:00;0.00;Y
1953-06-07;06:00:00;0.00;Y
1953-06-08;06:00:00;0.00;Y
1953-06-09;06:00:00;0.00;Y
1953-06-10;06:00:00;0.00;Y
1953-06-11;06:00:00;0.00;Y
1953-06-12;06:00:00;0.00;Y
1953-06-13;06:00:00;0.00;Y
1953-06-14;06:00:00;0.00;Y
1953-06-15;06:00:00;0.00;Y
1953-06-16;06:00:00;0.00;Y
1953-06-17;06:00:00;0.00;Y
1953-06-18;06:00:00;0.00;Y
1953-06-19;06:00:00;0.00;Y
1953-06-20;06:00:00;0.00;Y
1953-06-21;06:00:00;0.00;Y
1953-06-22;06:00:00;0.00;Y
1953-06-23;06:00:00;0.00;Y
1953-06-24;06:00:00;0.00;Y
1953-06-25;06:00:00;0.00;Y
1953-06-26;06:00:00;0.00;Y
1953-06-27;06:00:00;0.00;Y
1953-06-28;06:00:00;0.00;Y
1953-06-29;06:00:00;0.00;Y
1953-06-30;06:00:00;0.00;Y
1953-07-01;06:00:00;0.00;Y
1953-07-02;06:00:00;0.00;Y
1953-07-03;06:00:00;0.00;Y
1953-07-04;06:00:00;0.00;Y
1953-07-05;06:00:00;0.00;Y
1953-07-06;06:00:00;0.00;Y
1953-07-07;06:00:00;0.00;Y
1953-07-08;06:00:00;0.00;Y
1953-07-09;06:00:00;0.00;Y
1953-07-10;06:00:00;0.00;Y
1953-07-11;06:00:00;0.00;Y
1953-07-12;06:00:00;0.00;Y
1953-07-13;06:00:00;0.00;Y
1953-07-14;06:00:00;0.00;Y
1953-07-15;06:00:00;0.00;Y
1953-07-16;06:00:00;0.00;Y
1953-07-17;06:00:00;0.00;Y
1953-07-18;06:00:00;0.00;Y
1953-07-19;06:00:00;0.00;Y
1953-07-20;06:00:00;0.00;Y
1953-07-21;06:00:00;0.00;Y
1953-07-22;06:00:00;0.00;Y
1953-07-23;06:00:00;0.00;Y
1953-07-24;06:00:00;0.00;Y
1953-07-25;06:00:00;0.00;Y
1953-07-26;06:00:00;0.00;Y
1953-07-27;06:00:00;0.00;Y
1953-07-28;06:00:00;0.00;Y
1953-07-29;06:00:00;0.00;Y
1953-07-30;06:00:00;0.00;Y
1953-07-31;06:00:00;0.00;Y
1953-08-01;06:00:00;0.00;Y
1953-08-02;06:00:00;0.00;Y
1953-08-03;06:00:00;0.00;Y
1953-08-04;06:00:00;0.00;Y
1953-08-05;06:00:00;0.00;Y
1953-08-06;06:00:00;0.00;Y
1953-08-07;06:00:00;0.00;Y
1953-08-08;06:00:00;0.00;Y
1953-08-09;06:00:00;0.00;Y
1953-08-10;06:00:00;0.00;Y
1953-08-11;06:00:00;0.00;Y
1953-08-12;06:00:00;0.00;Y
1953-08-13;06:00:00;0.00;Y
1953-08-14;06:00:00;0.00;Y
1953-08-15;06:00:00;0.00;Y
1953-08-16;06:00:00;0.00;Y
1953-08-17;06:00:00;0.00;Y
1953-08-18;06:00:00;0.00;Y
1953-08-19;06:00:00;0.00;Y
1953-08-20;06:00:00;0.00;Y
1953-08-21;06:00:00;0.00;Y
1953-08-22;06:00:00;0.00;Y
1953-08-23;06:00:00;0.00;Y
1953-08-24;06:00:00;0.00;Y
1953-08-25;06:00:00;0.00;Y
1953-08-26;06:00:00;0.00;Y
1953-08-27;06:00:00;0.00;Y
1953-08-28;06:00:00;0.00;Y
1953-08-29;06:00:00;0.00;Y
1953-08-30;06:00:00;0.00;Y
1953-08-31;06:00:00;0.00;Y
1953-09-01;06:00:00;0.00;Y
1953-09-02;06:00:00;0.00;Y
1953-09-03;06:00:00;0.00;Y
1953-09-04;06:00:00;0.00;Y
1953-09-05;06:00:00;0.00;Y
1953-09-06;06:00:00;0.00;Y
1953-09-07;06:00:00;0.00;Y
1953-09-08;06:00:00;0.00;Y
1953-09-09;06:00:00;0.00;Y
1953-09-10;06:00:00;0.00;Y
1953-09-11;06:00:00;0.00;Y
1953-09-12;06:00:00;0.00;Y
1953-09-13;06:00:00;0.00;Y
1953-09-14;06:00:00;0.00;Y
1953-09-15;06:00:00;0.00;Y
1953-09-16;06:00:00;0.00;Y
1953-09-17;06:00:00;0.00;Y
1953-09-18;06:00:00;0.00;Y
1953-09-19;06:00:00;0.00;Y
1953-09-20;06:00:00;0.00;Y
1953-09-21;06:00:00;0.00;Y
1953-09-22;06:00:00;0.00;Y
1953-09-23;06:00:00;0.00;Y
1953-09-24;06:00:00;0.00;Y
1953-09-25;06:00:00;0.00;Y
1953-09-26;06:00:00;0.00;Y
1953-09-27;06:00:00;0.00;Y
1953-09-28;06:00:00;0.00;Y
1953-09-29;06:00:00;0.00;Y
1953-09-30;06:00:00;0.00;Y
1953-10-01;06:00:00;0.00;Y
1953-10-02;06:00:00;0.00;Y
1953-10-03;06:00:00;0.00;Y
1953-10-04;06:00:00;0.00;Y
1953-10-05;06:00:00;0.00;Y
1953-10-06;06:00:00;0.00;Y
1953-10-07;06:00:00;0.00;Y
1953-10-08;06:00:00;0.00;Y
1953-10-09;06:00:00;0.00;Y
1953-10-10;06:00:00;0.00;Y
1953-10-11;06:00:00;0.00;Y
1953-10-12;06:00:00;0.00;Y
1953-10-13;06:00:00;0.00;Y
1953-10-14;06:00:00;0.00;Y
1953-10-15;06:00:00;0.00;Y
1953-10-16;06:00:00;0.00;Y
1953-10-17;06:00:00;0.00;Y
1953-10-18;06:00:00;0.00;Y
1953-10-19;06:00:00;0.00;Y
1953-10-20;06:00:00;0.00;Y
1953-10-21;06:00:00;0.00;Y
1953-10-22;06:00:00;0.00;Y
1953-10-23;06:00:00;0.00;Y
1953-10-24;06:00:00;0.00;Y
1953-10-25;06:00:00;0.00;Y
1953-10-26;06:00:00;0.00;Y
1953-10-27;06:00:00;0.00;Y
1953-10-28;06:00:00;0.00;Y
1953-10-29;06:00:00;0.00;Y
1953-10-30;06:00:00;0.00;Y
1953-10-31;06:00:00;0.00;Y
1953-11-01;06:00:00;0.00;Y
1953-11-02;06:00:00;0.00;Y
1953-11-03;06:00:00;0.00;Y
1953-11-04;06:00:00;0.00;Y
1953-11-05;06:00:00;0.00;Y
1953-11-06;06:00:00;0.00;Y
1953-11-07;06:00:00;0.00;Y
1953-11-08;06:00:00;0.00;Y
1953-11-09;06:00:00;0.00;Y
1953-11-10;06:00:00;0.00;Y
1953-11-11;06:00:00;0.00;Y
1953-11-12;06:00:00;0.00;Y
1953-11-13;06:00:00;0.00;Y
1953-11-14;06:00:00;0.00;Y
1953-11-15;06:00:00;0.00;Y
1953-11-16;06:00:00;0.00;Y
1953-11-17;06:00:00;0.00;Y
1953-11-18;06:00:00;0.00;Y
1953-11-19;06:00:00;0.00;Y
1953-11-20;06:00:00;0.00;Y
1953-11-21;06:00:00;0.00;Y
1953-11-22;06:00:00;0.00;Y
1953-11-23;06:00:00;0.00;Y
1953-11-24;06:00:00;0.00;Y
1953-11-25;06:00:00;0.00;Y
1953-11-26;06:00:00;0.00;Y
1953-11-27;06:00:00;0.00;Y
1953-11-28;06:00:00;0.00;Y
1953-11-29;06:00:00;0.00;Y
1953-11-30;06:00:00;0.00;Y
1953-12-01;06:00:00;0.00;Y
1953-12-02;06:00:00;0.00;Y
1953-12-03;06:00:00;0.00;Y
1953-12-04;06:00:00;0.00;Y
1953-12-05;06:00:00;0.00;Y
1953-12-06;06:00:00;0.00;Y
1953-12-07;06:00:00;0.00;Y
1953-12-08;06:00:00;0.00;Y
1953-12-09;06:00:00;0.00;Y
1953-12-10;06:00:00;0.00;Y
1953-12-11;06:00:00;0.00;Y
1953-12-12;06:00:00;0.00;Y
1953-12-13;06:00:00;0.00;Y
1953-12-14;06:00:00;0.00;Y
1953-12-15;06:00:00;0.00;Y
1953-12-16;06:00:00;0.00;Y
1953-12-17;06:00:00;0.00;Y
1953-12-18;06:00:00;0.00;Y
1953-12-19;06:00:00;0.00;Y
1953-12-20;06:00:00;0.00;Y
1953-12-21;06:00:00;0.00;Y
1953-12-22;06:00:00;0.00;Y
1953-12-23;06:00:00;0.00;Y
1953-12-24;06:00:00;0.00;Y
1953-12-25;06:00:00;0.00;Y
1953-12-26;06:00:00;0.00;Y
1953-12-27;06:00:00;0.00;Y
1953-12-28;06:00:00;0.00;Y
1953-12-29;06:00:00;0.00;Y
1953-12-30;06:00:00;0.00;Y
1953-12-31;06:00:00;0.00;Y
1954-01-01;06:00:00;0.00;Y
1954-01-02;06:00:00;0.00;Y
1954-01-03;06:00:00;0.00;Y
1954-01-04;06:00:00;0.00;Y
1954-01-05;06:00:00;0.00;Y
1954-01-06;06:00:00;0.00;Y
1954-01-07;06:00:00;0.00;Y
1954-01-08;06:00:00;0.00;Y
1954-01-09;06:00:00;0.00;Y
1954-01-10;06:00:00;0.00;Y
1954-01-11;06:00:00;0.00;Y
1954-01-12;06:00:00;0.00;Y
1954-01-13;06:00:00;0.00;Y
1954-01-14;06:00:00;0.00;Y
1954-01-15;06:00:00;0.00;Y
1954-01-16;06:00:00;0.00;Y
1954-01-17;06:00:00;0.00;Y
1954-01-18;06:00:00;0.00;Y
1954-01-19;06:00:00;0.00;Y
1954-01-20;06:00:00;0.00;G
1954-01-21;06:00:00;0.04;G
1954-01-22;06:00:00;0.14;G
1954-01-23;06:00:00;0.14;G
1954-01-24;06:00:00;0.14;G
1954-01-25;06:00:00;0.14;G
1954-01-26;06:00:00;0.15;G
1954-01-27;06:00:00;0.15;G
1954-01-28;06:00:00;0.15;G
1954-01-29;06:00:00;0.16;G
1954-01-30;06:00:00;0.53;G
1954-01-31;06:00:00;0.55;G
1954-02-01;06:00:00;0.46;G
1954-02-02;06:00:00;0.46;G
1954-02-03;06:00:00;0.40;G
1954-02-04;06:00:00;0.40;G
1954-02-05;06:00:00;0.36;G
1954-02-06;06:00:00;0.30;G
1954-02-07;06:00:00;0.30;G
1954-02-08;06:00:00;0.30;G
1954-02-09;06:00:00;0.30;G
1954-02-10;06:00:00;0.30;G
1954-02-11;06:00:00;0.38;G
1954-02-12;06:00:00;0.43;G
1954-02-13;06:00:00;0.43;G
1954-02-14;06:00:00;0.43;G
1954-02-15;06:00:00;0.37;G
1954-02-16;06:00:00;0.37;G
1954-02-17;06:00:00;0.39;G
1954-02-18;06:00:00;0.47;G
1954-02-19;06:00:00;0.45;G
1954-02-20;06:00:00;0.39;G
1954-02-21;06:00:00;0.39;G
1954-02-22;06:00:00;0.39;G
1954-02-23;06:00:00;0.35;G
1954-02-24;06:00:00;0.35;G
1954-02-25;06:00:00;0.35;G
1954-02-26;06:00:00;0.39;G
1954-02-27;06:00:00;0.45;G
1954-02-28;06:00:00;0.42;G
1954-03-01;06:00:00;0.43;G
1954-03-02;06:00:00;0.46;G
1954-03-03;06:00:00;0.51;G
1954-03-04;06:00:00;0.48;G
1954-03-05;06:00:00;0.42;G
1954-03-06;06:00:00;0.52;G
1954-03-07;06:00:00;0.45;G
1954-03-08;06:00:00;0.42;G
1954-03-09;06:00:00;0.39;G
1954-03-10;06:00:00;0.34;G
1954-03-11;06:00:00;0.34;G
1954-03-12;06:00:00;0.34;G
1954-03-13;06:00:00;0.33;G
1954-03-14;06:00:00;0.33;G
1954-03-15;06:00:00;0.30;G
1954-03-16;06:00:00;0.30;G
1954-03-17;06:00:00;0.29;G
1954-03-18;06:00:00;0.29;G
1954-03-19;06:00:00;0.26;G
1954-03-20;06:00:00;0.26;G
1954-03-21;06:00:00;0.26;G
1954-03-22;06:00:00;0.24;G
1954-03-23;06:00:00;0.16;G
1954-03-24;06:00:00;0.13;G
1954-03-25;06:00:00;0.08;G
1954-03-26;06:00:00;0.10;G
1954-03-27;06:00:00;0.10;G
1954-03-28;06:00:00;0.11;G
1954-03-29;06:00:00;0.10;G
1954-03-30;06:00:00;0.05;G
1954-03-31;06:00:00;0.05;G
1954-04-01;06:00:00;0.00;G
1954-04-02;06:00:00;0.00;Y
1954-04-03;06:00:00;0.00;Y
1954-04-04;06:00:00;0.00;Y
1954-04-05;06:00:00;0.00;Y
1954-04-06;06:00:00;0.00;Y
1954-04-07;06:00:00;0.00;Y
1954-04-08;06:00:00;0.00;Y
1954-04-09;06:00:00;0.00;Y
1954-04-10;06:00:00;0.00;Y
1954-04-11;06:00:00;0.00;Y
1954-04-12;06:00:00;0.00;Y
1954-04-13;06:00:00;0.00;Y
1954-04-14;06:00:00;0.00;Y
1954-04-15;06:00:00;0.00;Y
1954-04-16;06:00:00;0.00;Y
1954-04-17;06:00:00;0.00;Y
1954-04-18;06:00:00;0.00;Y
1954-04-19;06:00:00;0.00;Y
1954-04-20;06:00:00;0.00;Y
1954-04-21;06:00:00;0.00;Y
1954-04-22;06:00:00;0.00;Y
1954-04-23;06:00:00;0.00;Y
1954-04-24;06:00:00;0.00;Y
1954-04-25;06:00:00;0.00;Y
1954-04-26;06:00:00;0.00;Y
1954-04-27;06:00:00;0.00;Y
1954-04-28;06:00:00;0.00;Y
1954-04-29;06:00:00;0.00;Y
1954-04-30;06:00:00;0.00;Y
1954-05-01;06:00:00;0.00;Y
1954-05-02;06:00:00;0.00;Y
1954-05-03;06:00:00;0.00;Y
1954-05-04;06:00:00;0.00;Y
1954-05-05;06:00:00;0.00;Y
1954-05-06;06:00:00;0.00;Y
1954-05-07;06:00:00;0.00;Y
1954-05-08;06:00:00;0.00;Y
1954-05-09;06:00:00;0.00;Y
1954-05-10;06:00:00;0.00;Y
1954-05-11;06:00:00;0.00;Y
1954-05-12;06:00:00;0.00;Y
1954-05-13;06:00:00;0.00;Y
1954-05-14;06:00:00;0.00;Y
1954-05-15;06:00:00;0.00;Y
1954-05-16;06:00:00;0.00;Y
1954-05-17;06:00:00;0.00;Y
1954-05-18;06:00:00;0.00;Y
1954-05-19;06:00:00;0.00;Y
1954-05-20;06:00:00;0.00;Y
1954-05-21;06:00:00;0.00;Y
1954-05-22;06:00:00;0.00;Y
1954-05-23;06:00:00;0.00;Y
1954-05-24;06:00:00;0.00;Y
1954-05-25;06:00:00;0.00;Y
1954-05-26;06:00:00;0.00;Y
1954-05-27;06:00:00;0.00;Y
1954-05-28;06:00:00;0.00;Y
1954-05-29;06:00:00;0.00;Y
1954-05-30;06:00:00;0.00;Y
1954-05-31;06:00:00;0.00;Y
1954-06-01;06:00:00;0.00;Y
1954-06-02;06:00:00;0.00;Y
1954-06-03;06:00:00;0.00;Y
1954-06-04;06:00:00;0.00;Y
1954-06-05;06:00:00;0.00;Y
1954-06-06;06:00:00;0.00;Y
1954-06-07;06:00:00;0.00;Y
1954-06-08;06:00:00;0.00;Y
1954-06-09;06:00:00;0.00;Y
1954-06-10;06:00:00;0.00;Y
1954-06-11;06:00:00;0.00;Y
1954-06-12;06:00:00;0.00;Y
1954-06-13;06:00:00;0.00;Y
1954-06-14;06:00:00;0.00;Y
1954-06-15;06:00:00;0.00;Y
1954-06-16;06:00:00;0.00;Y
1954-06-17;06:00:00;0.00;Y
1954-06-18;06:00:00;0.00;Y
1954-06-19;06:00:00;0.00;Y
1954-06-20;06:00:00;0.00;Y
1954-06-21;06:00:00;0.00;Y
1954-06-22;06:00:00;0.00;Y
1954-06-23;06:00:00;0.00;Y
1954-06-24;06:00:00;0.00;Y
1954-06-25;06:00:00;0.00;Y
1954-06-26;06:00:00;0.00;Y
1954-06-27;06:00:00;0.00;Y
1954-06-28;06:00:00;0.00;Y
1954-06-29;06:00:00;0.00;Y
1954-06-30;06:00:00;0.00;Y
1954-07-01;06:00:00;0.00;Y
1954-07-02;06:00:00;0.00;Y
1954-07-03;06:00:00;0.00;Y
1954-07-04;06:00:00;0.00;Y
1954-07-05;06:00:00;0.00;Y
1954-07-06;06:00:00;0.00;Y
1954-07-07;06:00:00;0.00;Y
1954-07-08;06:00:00;0.00;Y
1954-07-09;06:00:00;0.00;Y
1954-07-10;06:00:00;0.00;Y
1954-07-11;06:00:00;0.00;Y
1954-07-12;06:00:00;0.00;Y
1954-07-13;06:00:00;0.00;Y
1954-07-14;06:00:00;0.00;Y
1954-07-15;06:00:00;0.00;Y
1954-07-16;06:00:00;0.00;Y
1954-07-17;06:00:00;0.00;Y
1954-07-18;06:00:00;0.00;Y
1954-07-19;06:00:00;0.00;Y
1954-07-20;06:00:00;0.00;Y
1954-07-21;06:00:00;0.00;Y
1954-07-22;06:00:00;0.00;Y
1954-07-23;06:00:00;0.00;Y
1954-07-24;06:00:00;0.00;Y
1954-07-25;06:00:00;0.00;Y
1954-07-26;06:00:00;0.00;Y
1954-07-27;06:00:00;0.00;Y
1954-07-28;06:00:00;0.00;Y
1954-07-29;06:00:00;0.00;Y
1954-07-30;06:00:00;0.00;Y
1954-07-31;06:00:00;0.00;Y
1954-08-01;06:00:00;0.00;Y
1954-08-02;06:00:00;0.00;Y
1954-08-03;06:00:00;0.00;Y
1954-08-04;06:00:00;0.00;Y
1954-08-05;06:00:00;0.00;Y
1954-08-06;06:00:00;0.00;Y
1954-08-07;06:00:00;0.00;Y
1954-08-08;06:00:00;0.00;Y
1954-08-09;06:00:00;0.00;Y
1954-08-10;06:00:00;0.00;Y
1954-08-11;06:00:00;0.00;Y
1954-08-12;06:00:00;0.00;Y
1954-08-13;06:00:00;0.00;Y
1954-08-14;06:00:00;0.00;Y
1954-08-15;06:00:00;0.00;Y
1954-08-16;06:00:00;0.00;Y
1954-08-17;06:00:00;0.00;Y
1954-08-18;06:00:00;0.00;Y
1954-08-19;06:00:00;0.00;Y
1954-08-20;06:00:00;0.00;Y
1954-08-21;06:00:00;0.00;Y
1954-08-22;06:00:00;0.00;Y
1954-08-23;06:00:00;0.00;Y
1954-08-24;06:00:00;0.00;Y
1954-08-25;06:00:00;0.00;Y
1954-08-26;06:00:00;0.00;Y
1954-08-27;06:00:00;0.00;Y
1954-08-28;06:00:00;0.00;Y
1954-08-29;06:00:00;0.00;Y
1954-08-30;06:00:00;0.00;Y
1954-08-31;06:00:00;0.00;Y
1954-09-01;06:00:00;0.00;Y
1954-09-02;06:00:00;0.00;Y
1954-09-03;06:00:00;0.00;Y
1954-09-04;06:00:00;0.00;Y
1954-09-05;06:00:00;0.00;Y
1954-09-06;06:00:00;0.00;Y
1954-09-07;06:00:00;0.00;Y
1954-09-08;06:00:00;0.00;Y
1954-09-09;06:00:00;0.00;Y
1954-09-10;06:00:00;0.00;Y
1954-09-11;06:00:00;0.00;Y
1954-09-12;06:00:00;0.00;Y
1954-09-13;06:00:00;0.00;Y
1954-09-14;06:00:00;0.00;Y
1954-09-15;06:00:00;0.00;Y
1954-09-16;06:00:00;0.00;Y
1954-09-17;06:00:00;0.00;Y
1954-09-18;06:00:00;0.00;Y
1954-09-19;06:00:00;0.00;Y
1954-09-20;06:00:00;0.00;Y
1954-09-21;06:00:00;0.00;Y
1954-09-22;06:00:00;0.00;Y
1954-09-23;06:00:00;0.00;Y
1954-09-24;06:00:00;0.00;Y
1954-09-25;06:00:00;0.00;Y
1954-09-26;06:00:00;0.00;Y
1954-09-27;06:00:00;0.00;Y
1954-09-28;06:00:00;0.00;Y
1954-09-29;06:00:00;0.00;Y
1954-09-30;06:00:00;0.00;Y
1954-10-01;06:00:00;0.00;Y
1954-10-02;06:00:00;0.00;Y
1954-10-03;06:00:00;0.00;Y
1954-10-04;06:00:00;0.00;Y
1954-10-05;06:00:00;0.00;Y
1954-10-06;06:00:00;0.00;Y
1954-10-07;06:00:00;0.00;Y
1954-10-08;06:00:00;0.00;Y
1954-10-09;06:00:00;0.00;Y
1954-10-10;06:00:00;0.00;Y
1954-10-11;06:00:00;0.00;Y
1954-10-12;06:00:00;0.00;Y
1954-10-13;06:00:00;0.00;Y
1954-10-14;06:00:00;0.00;Y
1954-10-15;06:00:00;0.00;Y
1954-10-16;06:00:00;0.00;Y
1954-10-17;06:00:00;0.00;Y
1954-10-18;06:00:00;0.00;Y
1954-10-19;06:00:00;0.00;Y
1954-10-20;06:00:00;0.00;Y
1954-10-21;06:00:00;0.00;Y
1954-10-22;06:00:00;0.00;Y
1954-10-23;06:00:00;0.00;Y
1954-10-24;06:00:00;0.00;Y
1954-10-25;06:00:00;0.00;Y
1954-10-26;06:00:00;0.00;Y
1954-10-27;06:00:00;0.00;Y
1954-10-28;06:00:00;0.00;Y
1954-10-29;06:00:00;0.00;Y
1954-10-30;06:00:00;0.00;Y
1954-10-31;06:00:00;0.00;Y
1954-11-01;06:00:00;0.00;Y
1954-11-02;06:00:00;0.00;Y
1954-11-03;06:00:00;0.00;Y
1954-11-04;06:00:00;0.00;Y
1954-11-05;06:00:00;0.00;Y
1954-11-06;06:00:00;0.00;Y
1954-11-07;06:00:00;0.00;Y
1954-11-08;06:00:00;0.00;Y
1954-11-09;06:00:00;0.00;Y
1954-11-10;06:00:00;0.00;Y
1954-11-11;06:00:00;0.00;Y
1954-11-12;06:00:00;0.00;Y
1954-11-13;06:00:00;0.00;Y
1954-11-14;06:00:00;0.00;Y
1954-11-15;06:00:00;0.00;Y
1954-11-16;06:00:00;0.00;Y
1954-11-17;06:00:00;0.00;G
1954-11-18;06:00:00;0.00;Y
1954-11-19;06:00:00;0.00;Y
1954-11-20;06:00:00;0.05;G
1954-11-21;06:00:00;0.00;G
1954-11-22;06:00:00;0.00;G
1954-11-23;06:00:00;0.00;G
1954-11-24;06:00:00;0.00;G
1954-11-25;06:00:00;0.00;Y
1954-11-26;06:00:00;0.00;Y
1954-11-27;06:00:00;0.00;Y
1954-11-28;06:00:00;0.00;Y
1954-11-29;06:00:00;0.00;Y
1954-11-30;06:00:00;0.00;Y
1954-12-01;06:00:00;0.00;Y
1954-12-02;06:00:00;0.00;Y
1954-12-03;06:00:00;0.00;Y
1954-12-04;06:00:00;0.00;Y
1954-12-05;06:00:00;0.00;Y
1954-12-06;06:00:00;0.00;Y
1954-12-07;06:00:00;0.00;Y
1954-12-08;06:00:00;0.00;Y
1954-12-09;06:00:00;0.00;Y
1954-12-10;06:00:00;0.00;Y
1954-12-11;06:00:00;0.00;Y
1954-12-12;06:00:00;0.00;Y
1954-12-13;06:00:00;0.00;Y
1954-12-14;06:00:00;0.00;Y
1954-12-15;06:00:00;0.00;Y
1954-12-16;06:00:00;0.00;Y
1954-12-17;06:00:00;0.00;Y
1954-12-18;06:00:00;0.00;Y
1954-12-19;06:00:00;0.00;Y
1954-12-20;06:00:00;0.00;Y
1954-12-21;06:00:00;0.00;Y
1954-12-22;06:00:00;0.00;Y
1954-12-23;06:00:00;0.02;G
1954-12-24;06:00:00;0.00;G
1954-12-25;06:00:00;0.00;G
1954-12-26;06:00:00;0.00;G
1954-12-27;06:00:00;0.00;G
1954-12-28;06:00:00;0.00;Y
1954-12-29;06:00:00;0.00;G
1954-12-30;06:00:00;0.00;G
1954-12-31;06:00:00;0.00;Y
1955-01-05;06:00:00;0.03;Y
1955-01-06;06:00:00;0.03;Y
1955-01-07;06:00:00;0.03;Y
1955-01-08;06:00:00;0.03;Y
1955-01-09;06:00:00;0.04;Y
1955-01-10;06:00:00;0.04;Y
1955-01-11;06:00:00;0.11;Y
1955-01-12;06:00:00;0.11;Y
1955-01-13;06:00:00;0.11;Y
1955-01-14;06:00:00;0.24;Y
1955-01-15;06:00:00;0.24;Y
1955-01-16;06:00:00;0.24;Y
1955-01-17;06:00:00;0.22;Y
1955-01-18;06:00:00;0.22;Y
1955-01-19;06:00:00;0.22;Y
1955-01-20;06:00:00;0.22;Y
1955-01-21;06:00:00;0.22;Y
1955-01-22;06:00:00;0.22;Y
1955-01-23;06:00:00;0.20;Y
1955-01-24;06:00:00;0.20;Y
1955-01-25;06:00:00;0.11;Y
1955-01-26;06:00:00;0.09;Y
1955-01-27;06:00:00;0.06;Y
1955-01-28;06:00:00;0.05;Y
1955-01-29;06:00:00;0.05;Y
1955-01-30;06:00:00;0.02;Y
1955-01-31;06:00:00;0.00;Y
1955-02-06;06:00:00;0.02;Y
1955-02-07;06:00:00;0.02;Y
1955-02-08;06:00:00;0.02;Y
1955-02-10;06:00:00;0.02;Y
1955-02-11;06:00:00;0.02;Y
1955-02-12;06:00:00;0.02;Y
1955-02-13;06:00:00;0.03;Y
1955-02-14;06:00:00;0.04;Y
1955-02-15;06:00:00;0.18;Y
1955-02-16;06:00:00;0.18;Y
1955-02-17;06:00:00;0.20;Y
1955-02-18;06:00:00;0.22;Y
1955-02-19;06:00:00;0.24;Y
1955-02-20;06:00:00;0.29;Y
1955-02-21;06:00:00;0.29;Y
1955-02-22;06:00:00;0.28;Y
1955-02-23;06:00:00;0.25;Y
1955-02-24;06:00:00;0.25;Y
1955-02-25;06:00:00;0.16;Y
1955-02-26;06:00:00;0.24;Y
1955-02-27;06:00:00;0.24;Y
1955-02-28;06:00:00;0.22;Y
1955-03-01;06:00:00;0.22;Y
1955-03-02;06:00:00;0.20;Y
1955-03-03;06:00:00;0.19;Y
1955-03-04;06:00:00;0.18;Y
1955-03-05;06:00:00;0.19;Y
1955-03-06;06:00:00;0.22;Y
1955-03-07;06:00:00;0.22;Y
1955-03-08;06:00:00;0.22;Y
1955-03-09;06:00:00;0.26;Y
1955-03-10;06:00:00;0.26;Y
1955-03-11;06:00:00;0.25;Y
1955-03-12;06:00:00;0.25;Y
1955-03-13;06:00:00;0.21;Y
1955-03-14;06:00:00;0.19;Y
1955-03-15;06:00:00;0.18;Y
1955-03-16;06:00:00;0.17;Y
1955-03-17;06:00:00;0.17;Y
1955-03-18;06:00:00;0.17;Y
1955-03-19;06:00:00;0.17;Y
1955-03-20;06:00:00;0.22;Y
1955-03-21;06:00:00;0.21;Y
1955-03-22;06:00:00;0.20;Y
1955-03-23;06:00:00;0.20;Y
1955-03-24;06:00:00;0.26;Y
1955-03-25;06:00:00;0.24;Y
1955-03-26;06:00:00;0.24;Y
1955-03-27;06:00:00;0.29;Y
1955-03-28;06:00:00;0.29;Y
1955-03-29;06:00:00;0.31;Y
1955-03-30;06:00:00;0.31;Y
1955-03-31;06:00:00;0.29;Y
1955-04-01;06:00:00;0.28;Y
1955-04-02;06:00:00;0.27;Y
1955-04-03;06:00:00;0.24;Y
1955-04-04;06:00:00;0.21;Y
1955-04-05;06:00:00;0.17;Y
1955-04-06;06:00:00;0.17;Y
1955-04-07;06:00:00;0.19;Y
1955-04-08;06:00:00;0.26;Y
1955-04-09;06:00:00;0.26;Y
1955-04-10;06:00:00;0.24;Y
1955-04-11;06:00:00;0.20;Y
1955-04-12;06:00:00;0.17;Y
1955-04-13;06:00:00;0.13;Y
1955-04-14;06:00:00;0.10;Y
1955-04-15;06:00:00;0.10;Y
1955-04-16;06:00:00;0.06;Y
1955-04-17;06:00:00;0.04;Y
1955-04-18;06:00:00;0.02;Y
1955-04-19;06:00:00;0.00;Y
1955-04-21;06:00:00;0.04;Y
1955-12-09;06:00:00;0.04;Y
1955-12-10;06:00:00;0.03;Y
1955-12-11;06:00:00;0.03;Y
1955-12-12;06:00:00;0.03;Y
1955-12-13;06:00:00;0.03;Y
1955-12-14;06:00:00;0.06;Y
1955-12-15;06:00:00;0.05;Y
1955-12-16;06:00:00;0.08;Y
1955-12-17;06:00:00;0.12;Y
1955-12-18;06:00:00;0.14;Y
1955-12-19;06:00:00;0.16;Y
1955-12-20;06:00:00;0.16;Y
1955-12-21;06:00:00;0.18;Y
1955-12-22;06:00:00;0.43;Y
1955-12-23;06:00:00;0.44;Y
1955-12-24;06:00:00;0.47;Y
1955-12-25;06:00:00;0.31;Y
1955-12-26;06:00:00;0.26;Y
1955-12-27;06:00:00;0.17;Y
1955-12-28;06:00:00;0.15;Y
1955-12-29;06:00:00;0.09;Y
1955-12-30;06:00:00;0.07;Y
1955-12-31;06:00:00;0.05;Y
1956-01-01;06:00:00;0.05;Y
1956-01-02;06:00:00;0.05;Y
1956-01-03;06:00:00;0.05;Y
1956-01-04;06:00:00;0.04;Y
1956-01-05;06:00:00;0.04;Y
1956-01-06;06:00:00;0.04;Y
1956-01-07;06:00:00;0.03;Y
1956-01-08;06:00:00;0.03;Y
1956-01-09;06:00:00;0.03;Y
1956-01-10;06:00:00;0.03;Y
1956-01-12;06:00:00;0.03;Y
1956-01-13;06:00:00;0.02;Y
1956-01-14;06:00:00;0.02;Y
1956-01-15;06:00:00;0.02;Y
1956-01-18;06:00:00;0.02;Y
1956-01-19;06:00:00;0.01;Y
1956-01-26;06:00:00;0.01;Y
1956-01-27;06:00:00;0.01;Y
1956-01-29;06:00:00;0.01;Y
1956-01-30;06:00:00;0.12;Y
1956-01-31;06:00:00;0.15;Y
1956-02-01;06:00:00;0.23;Y
1956-02-02;06:00:00;0.24;Y
1956-02-03;06:00:00;0.25;Y
1956-02-04;06:00:00;0.25;Y
1956-02-05;06:00:00;0.25;Y
1956-02-06;06:00:00;0.25;Y
1956-02-07;06:00:00;0.25;Y
1956-02-08;06:00:00;0.27;Y
1956-02-09;06:00:00;0.30;Y
1956-02-10;06:00:00;0.32;Y
1956-02-11;06:00:00;0.32;Y
1956-02-12;06:00:00;0.32;Y
1956-02-13;06:00:00;0.37;Y
1956-02-14;06:00:00;0.34;Y
1956-02-15;06:00:00;0.34;Y
1956-02-16;06:00:00;0.34;Y
1956-02-17;06:00:00;0.36;Y
1956-02-18;06:00:00;0.38;Y
1956-02-19;06:00:00;0.40;Y
1956-02-20;06:00:00;0.44;Y
1956-02-21;06:00:00;0.46;Y
1956-02-22;06:00:00;0.46;Y
1956-02-23;06:00:00;0.46;Y
1956-02-24;06:00:00;0.46;Y
1956-02-25;06:00:00;0.42;Y
1956-02-26;06:00:00;0.38;Y
1956-02-27;06:00:00;0.38;Y
1956-02-28;06:00:00;0.35;Y
1956-02-29;06:00:00;0.34;Y
1956-03-01;06:00:00;0.30;Y
1956-03-02;06:00:00;0.26;Y
1956-03-03;06:00:00;0.21;Y
1956-03-04;06:00:00;0.18;Y
1956-03-05;06:00:00;0.16;Y
1956-03-06;06:00:00;0.16;Y
1956-03-07;06:00:00;0.15;Y
1956-03-08;06:00:00;0.15;Y
1956-03-09;06:00:00;0.14;Y
1956-03-10;06:00:00;0.14;Y
1956-03-11;06:00:00;0.14;Y
1956-03-12;06:00:00;0.14;Y
1956-03-13;06:00:00;0.12;Y
1956-03-14;06:00:00;0.11;Y
1956-03-15;06:00:00;0.11;Y
1956-03-16;06:00:00;0.12;Y
1956-03-17;06:00:00;0.12;Y
1956-03-18;06:00:00;0.12;Y
1956-03-19;06:00:00;0.11;Y
1956-03-20;06:00:00;0.11;Y
1956-03-21;06:00:00;0.11;Y
1956-03-22;06:00:00;0.11;Y
1956-03-23;06:00:00;0.10;Y
1956-03-24;06:00:00;0.10;Y
1956-03-25;06:00:00;0.10;Y
1956-03-26;06:00:00;0.10;Y
1956-03-27;06:00:00;0.10;Y
1956-03-28;06:00:00;0.09;Y
1956-03-29;06:00:00;0.08;Y
1956-03-30;06:00:00;0.07;Y
1956-03-31;06:00:00;0.05;Y
1956-04-01;06:00:00;0.04;Y
1956-04-02;06:00:00;0.03;Y
1956-04-03;06:00:00;0.03;Y
1956-04-04;06:00:00;0.03;Y
1956-04-05;06:00:00;0.03;Y
1956-04-06;06:00:00;0.12;Y
1956-04-07;06:00:00;0.07;Y
1956-04-08;06:00:00;0.06;Y
1956-04-09;06:00:00;0.05;Y
1956-04-18;06:00:00;0.09;Y
1956-04-19;06:00:00;0.03;Y
1956-04-20;06:00:00;0.02;Y
1956-11-27;06:00:00;0.09;Y
1956-11-28;06:00:00;0.09;Y
1956-11-29;06:00:00;0.10;Y
1956-11-30;06:00:00;0.10;Y
1956-12-01;06:00:00;0.10;Y
1956-12-02;06:00:00;0.08;Y
1956-12-23;06:00:00;0.03;Y
1956-12-24;06:00:00;0.09;Y
1956-12-25;06:00:00;0.09;Y
1956-12-26;06:00:00;0.10;Y
1956-12-27;06:00:00;0.10;Y
1956-12-28;06:00:00;0.10;Y
1956-12-29;06:00:00;0.10;Y
1956-12-30;06:00:00;0.09;Y
1956-12-31;06:00:00;0.08;Y
1957-01-01;06:00:00;0.11;Y
1957-01-02;06:00:00;0.13;Y
1957-01-03;06:00:00;0.16;Y
1957-01-04;06:00:00;0.16;Y
1957-01-05;06:00:00;0.11;Y
1957-01-06;06:00:00;0.03;Y
1957-01-12;06:00:00;0.01;Y
1957-01-13;06:00:00;0.02;Y
1957-01-14;06:00:00;0.03;Y
1957-01-15;06:00:00;0.10;Y
1957-01-16;06:00:00;0.10;Y
1957-01-17;06:00:00;0.09;Y
1957-01-18;06:00:00;0.08;Y
1957-01-19;06:00:00;0.08;Y
1957-01-20;06:00:00;0.06;Y
1957-02-13;06:00:00;0.05;Y
1957-02-28;06:00:00;0.02;Y
1957-03-01;06:00:00;0.02;Y
1957-03-02;06:00:00;0.01;Y
1957-03-03;06:00:00;0.01;Y
1957-03-18;06:00:00;0.10;Y
1957-03-19;06:00:00;0.09;Y
1957-03-20;06:00:00;0.11;Y
1957-03-21;06:00:00;0.16;Y
1957-03-22;06:00:00;0.12;Y
1957-03-23;06:00:00;0.15;Y
1957-03-24;06:00:00;0.15;Y
1957-03-25;06:00:00;0.14;Y
1957-03-26;06:00:00;0.10;Y
1957-03-27;06:00:00;0.07;Y
1957-03-28;06:00:00;0.04;Y
1957-03-29;06:00:00;0.02;Y
1957-04-11;06:00:00;0.05;Y
1957-04-12;06:00:00;0.05;Y
1957-04-13;06:00:00;0.05;Y
1957-04-14;06:00:00;0.05;Y
1957-04-15;06:00:00;0.04;Y
1957-04-16;06:00:00;0.06;Y
1957-04-17;06:00:00;0.03;Y
1957-04-18;06:00:00;0.02;Y
1958-01-08;06:00:00;0.05;Y
1958-01-09;06:00:00;0.05;Y
1958-01-10;06:00:00;0.10;Y
1958-01-11;06:00:00;0.11;Y
1958-01-12;06:00:00;0.10;Y
1958-01-13;06:00:00;0.06;Y
1958-01-14;06:00:00;0.03;Y
1958-01-15;06:00:00;0.03;Y
1958-01-16;06:00:00;0.02;Y
1958-01-18;06:00:00;0.01;Y
1958-01-19;06:00:00;0.01;Y
1958-01-20;06:00:00;0.01;Y
1958-01-21;06:00:00;0.01;Y
1958-01-22;06:00:00;0.01;Y
1958-01-23;06:00:00;0.02;Y
1958-01-24;06:00:00;0.12;Y
1958-01-25;06:00:00;0.11;Y
1958-01-26;06:00:00;0.09;Y
1958-01-27;06:00:00;0.08;Y
1958-01-28;06:00:00;0.06;Y
1958-02-05;06:00:00;0.14;Y
1958-02-06;06:00:00;0.16;Y
1958-02-07;06:00:00;0.16;Y
1958-02-08;06:00:00;0.12;Y
1958-02-09;06:00:00;0.16;Y
1958-02-10;06:00:00;0.19;Y
1958-02-11;06:00:00;0.20;Y
1958-02-12;06:00:00;0.17;Y
1958-02-13;06:00:00;0.12;Y
1958-02-14;06:00:00;0.09;Y
1958-02-15;06:00:00;0.06;Y
1958-02-16;06:00:00;0.05;Y
1958-02-17;06:00:00;0.15;Y
1958-02-18;06:00:00;0.14;Y
1958-02-19;06:00:00;0.14;Y
1958-02-20;06:00:00;0.16;Y
1958-02-21;06:00:00;0.36;Y
1958-02-22;06:00:00;0.36;Y
1958-02-23;06:00:00;0.48;Y
1958-02-24;06:00:00;0.47;Y
1958-02-25;06:00:00;0.50;Y
1958-02-26;06:00:00;0.60;Y
1958-02-27;06:00:00;0.61;Y
1958-02-28;06:00:00;0.59;Y
1958-03-01;06:00:00;0.55;Y
1958-03-02;06:00:00;0.51;Y
1958-03-03;06:00:00;0.44;Y
1958-03-04;06:00:00;0.45;Y
1958-03-05;06:00:00;0.34;Y
1958-03-06;06:00:00;0.31;Y
1958-03-07;06:00:00;0.32;Y
1958-03-08;06:00:00;0.37;Y
1958-03-09;06:00:00;0.38;Y
1958-03-10;06:00:00;0.40;Y
1958-03-11;06:00:00;0.50;Y
1958-03-12;06:00:00;0.52;Y
1958-03-13;06:00:00;0.51;Y
1958-03-14;06:00:00;0.52;Y
1958-03-15;06:00:00;0.54;Y
1958-03-16;06:00:00;0.57;Y
1958-03-17;06:00:00;0.55;Y
1958-03-18;06:00:00;0.56;Y
1958-03-19;06:00:00;0.57;Y
1958-03-20;06:00:00;0.57;Y
1958-03-21;06:00:00;0.57;Y
1958-03-22;06:00:00;0.57;Y
1958-03-23;06:00:00;0.56;Y
1958-03-24;06:00:00;0.55;Y
1958-03-25;06:00:00;0.54;Y
1958-03-26;06:00:00;0.51;Y
1958-03-27;06:00:00;0.49;Y
1958-03-28;06:00:00;0.47;Y
1958-03-29;06:00:00;0.44;Y
1958-03-30;06:00:00;0.42;Y
1958-03-31;06:00:00;0.40;Y
1958-04-01;06:00:00;0.43;Y
1958-04-02;06:00:00;0.58;Y
1958-04-03;06:00:00;0.54;Y
1958-04-04;06:00:00;0.51;Y
1958-04-05;06:00:00;0.47;Y
1958-04-06;06:00:00;0.43;Y
1958-04-07;06:00:00;0.42;Y
1958-04-08;06:00:00;0.40;Y
1958-04-09;06:00:00;0.39;Y
1958-04-10;06:00:00;0.38;Y
1958-04-11;06:00:00;0.37;Y
1958-04-12;06:00:00;0.36;Y
1958-04-13;06:00:00;0.32;Y
1958-04-14;06:00:00;0.29;Y
1958-04-15;06:00:00;0.24;Y
1958-04-16;06:00:00;0.20;Y
1958-04-17;06:00:00;0.17;Y
1958-04-18;06:00:00;0.14;Y
1958-04-19;06:00:00;0.14;Y
1958-04-20;06:00:00;0.09;Y
1958-04-21;06:00:00;0.04;Y
1958-04-22;06:00:00;0.02;Y
1958-04-23;06:00:00;0.01;Y
1958-12-10;06:00:00;0.02;Y
1958-12-11;06:00:00;0.02;Y
1958-12-12;06:00:00;0.02;Y
1958-12-13;06:00:00;0.02;Y
1958-12-14;06:00:00;0.02;Y
1958-12-15;06:00:00;0.04;Y
1958-12-16;06:00:00;0.04;Y
1958-12-26;06:00:00;0.01;Y
1958-12-29;06:00:00;0.06;Y
1958-12-30;06:00:00;0.02;Y
1959-01-06;06:00:00;0.01;Y
1959-01-10;06:00:00;0.06;Y
1959-01-11;06:00:00;0.15;Y
1959-01-12;06:00:00;0.15;Y
1959-01-13;06:00:00;0.17;Y
1959-01-14;06:00:00;0.17;Y
1959-01-15;06:00:00;0.16;Y
1959-01-16;06:00:00;0.16;Y
1959-01-17;06:00:00;0.16;Y
1959-01-18;06:00:00;0.16;Y
1959-01-19;06:00:00;0.16;Y
1959-01-20;06:00:00;0.21;Y
1959-01-21;06:00:00;0.16;Y
1959-01-22;06:00:00;0.11;Y
1959-01-23;06:00:00;0.07;Y
1959-01-24;06:00:00;0.07;Y
1959-01-25;06:00:00;0.07;Y
1959-01-26;06:00:00;0.06;Y
1959-01-27;06:00:00;0.06;Y
1959-01-28;06:00:00;0.06;Y
1959-01-29;06:00:00;0.05;Y
1959-01-30;06:00:00;0.05;Y
1959-01-31;06:00:00;0.07;Y
1959-02-01;06:00:00;0.07;Y
1959-02-02;06:00:00;0.07;Y
1959-02-03;06:00:00;0.07;Y
1959-02-04;06:00:00;0.07;Y
1959-02-05;06:00:00;0.07;Y
1959-02-06;06:00:00;0.07;Y
1959-02-07;06:00:00;0.07;Y
1959-02-08;06:00:00;0.06;Y
1959-02-09;06:00:00;0.06;Y
1959-02-10;06:00:00;0.06;Y
1959-02-11;06:00:00;0.06;Y
1959-02-12;06:00:00;0.06;Y
1959-02-13;06:00:00;0.06;Y
1959-02-14;06:00:00;0.06;Y
1959-02-15;06:00:00;0.06;Y
1959-02-16;06:00:00;0.06;Y
1959-02-17;06:00:00;0.05;Y
1959-02-18;06:00:00;0.04;Y
1959-02-19;06:00:00;0.04;Y
1959-02-20;06:00:00;0.04;Y
1959-02-21;06:00:00;0.04;Y
1959-02-22;06:00:00;0.03;Y
1959-02-23;06:00:00;0.03;Y
1959-02-24;06:00:00;0.01;Y
1959-02-25;06:00:00;0.01;Y
1959-11-18;06:00:00;0.16;Y
1959-11-19;06:00:00;0.02;Y
1959-12-09;06:00:00;0.02;Y
1959-12-10;06:00:00;0.05;Y
1959-12-11;06:00:00;0.07;Y
1959-12-12;06:00:00;0.07;Y
1959-12-13;06:00:00;0.09;Y
1959-12-14;06:00:00;0.09;Y
1959-12-15;06:00:00;0.10;Y
1959-12-16;06:00:00;0.10;Y
1959-12-17;06:00:00;0.10;Y
1959-12-18;06:00:00;0.05;Y
1959-12-19;06:00:00;0.03;Y
1960-01-11;06:00:00;0.05;Y
1960-01-12;06:00:00;0.06;Y
1960-01-13;06:00:00;0.10;Y
1960-01-14;06:00:00;0.14;Y
1960-01-15;06:00:00;0.14;Y
1960-01-16;06:00:00;0.13;Y
1960-01-17;06:00:00;0.13;Y
1960-01-18;06:00:00;0.14;Y
1960-01-19;06:00:00;0.15;Y
1960-01-20;06:00:00;0.17;Y
1960-01-21;06:00:00;0.19;Y
1960-01-22;06:00:00;0.19;Y
1960-01-23;06:00:00;0.18;Y
1960-01-24;06:00:00;0.11;Y
1960-01-25;06:00:00;0.06;Y
1960-01-26;06:00:00;0.04;Y
1960-01-27;06:00:00;0.02;Y
1960-01-28;06:00:00;0.02;Y
1960-01-29;06:00:00;0.02;Y
1960-01-30;06:00:00;0.05;Y
1960-01-31;06:00:00;0.06;Y
1960-02-01;06:00:00;0.06;Y
1960-02-02;06:00:00;0.06;Y
1960-02-03;06:00:00;0.06;Y
1960-02-04;06:00:00;0.06;Y
1960-02-05;06:00:00;0.06;Y
1960-02-06;06:00:00;0.05;Y
1960-02-07;06:00:00;0.05;Y
1960-02-08;06:00:00;0.05;Y
1960-02-09;06:00:00;0.05;Y
1960-02-10;06:00:00;0.05;Y
1960-02-11;06:00:00;0.05;Y
1960-02-12;06:00:00;0.16;Y
1960-02-13;06:00:00;0.16;Y
1960-02-14;06:00:00;0.15;Y
1960-02-15;06:00:00;0.14;Y
1960-02-16;06:00:00;0.15;Y
1960-02-17;06:00:00;0.16;Y
1960-02-18;06:00:00;0.20;Y
1960-02-19;06:00:00;0.20;Y
1960-02-20;06:00:00;0.22;Y
1960-02-21;06:00:00;0.20;Y
1960-02-22;06:00:00;0.18;Y
1960-02-23;06:00:00;0.16;Y
1960-02-24;06:00:00;0.16;Y
1960-02-25;06:00:00;0.15;Y
1960-02-26;06:00:00;0.15;Y
1960-02-27;06:00:00;0.14;Y
1960-02-28;06:00:00;0.12;Y
1960-02-29;06:00:00;0.14;Y
1960-03-01;06:00:00;0.14;Y
1960-03-02;06:00:00;0.16;Y
1960-03-03;06:00:00;0.12;Y
1960-03-04;06:00:00;0.09;Y
1960-03-05;06:00:00;0.08;Y
1960-03-06;06:00:00;0.07;Y
1960-03-07;06:00:00;0.07;Y
1960-03-08;06:00:00;0.07;Y
1960-03-09;06:00:00;0.06;Y
1960-03-10;06:00:00;0.06;Y
1960-03-11;06:00:00;0.06;Y
1960-03-12;06:00:00;0.06;Y
1960-03-13;06:00:00;0.05;Y
1960-03-14;06:00:00;0.04;Y
1960-03-15;06:00:00;0.04;Y
1960-03-16;06:00:00;0.04;Y
1960-03-17;06:00:00;0.04;Y
1960-03-18;06:00:00;0.04;Y
1960-03-19;06:00:00;0.04;Y
1960-03-20;06:00:00;0.04;Y
1960-03-21;06:00:00;0.04;Y
1960-03-22;06:00:00;0.03;Y
1960-03-23;06:00:00;0.03;Y
1960-03-24;06:00:00;0.02;Y
1960-03-25;06:00:00;0.02;Y
1960-03-26;06:00:00;0.02;Y
1960-03-27;06:00:00;0.02;Y
1960-12-10;06:00:00;0.01;Y
1960-12-11;06:00:00;0.04;Y
1960-12-12;06:00:00;0.02;Y
1960-12-13;06:00:00;0.02;Y
1960-12-14;06:00:00;0.02;Y
1960-12-15;06:00:00;0.02;Y
1960-12-16;06:00:00;0.01;Y
1960-12-17;06:00:00;0.01;Y
1961-01-02;06:00:00;0.01;Y
1961-01-06;06:00:00;0.01;Y
1961-01-07;06:00:00;0.01;Y
1961-01-08;06:00:00;0.01;Y
1961-01-09;06:00:00;0.01;Y
1961-01-10;06:00:00;0.01;Y
1961-01-11;06:00:00;0.01;Y
1961-01-12;06:00:00;0.01;Y
1961-01-13;06:00:00;0.01;Y
1961-01-14;06:00:00;0.01;Y
1961-01-15;06:00:00;0.01;Y
1961-01-16;06:00:00;0.00;Y
1961-01-17;06:00:00;0.00;Y
1961-01-18;06:00:00;0.00;Y
1961-01-19;06:00:00;0.00;Y
1961-01-20;06:00:00;0.00;Y
1961-01-21;06:00:00;0.00;Y
1961-01-22;06:00:00;0.00;Y
1961-01-23;06:00:00;0.00;Y
1961-01-24;06:00:00;0.04;Y
1961-01-25;06:00:00;0.10;Y
1961-01-26;06:00:00;0.09;Y
1961-01-27;06:00:00;0.08;Y
1961-01-28;06:00:00;0.07;Y
1961-01-29;06:00:00;0.08;Y
1961-02-02;06:00:00;0.01;Y
1961-02-03;06:00:00;0.02;Y
1961-02-04;06:00:00;0.02;Y
1961-02-05;06:00:00;0.02;Y
1961-02-06;06:00:00;0.02;Y
1961-02-07;06:00:00;0.01;Y
1961-02-08;06:00:00;0.01;Y
1961-02-09;06:00:00;0.00;Y
1961-02-10;06:00:00;0.00;Y
1961-02-11;06:00:00;0.00;Y
1961-02-12;06:00:00;0.00;Y
1961-03-19;06:00:00;0.01;Y
1961-03-20;06:00:00;0.00;Y
1961-03-21;06:00:00;0.02;Y
1961-03-22;06:00:00;0.00;Y
1961-12-12;06:00:00;0.01;Y
1961-12-13;06:00:00;0.03;Y
1961-12-14;06:00:00;0.05;Y
1961-12-15;06:00:00;0.05;Y
1961-12-16;06:00:00;0.05;Y
1961-12-17;06:00:00;0.05;Y
1961-12-18;06:00:00;0.04;Y
1961-12-19;06:00:00;0.04;Y
1961-12-20;06:00:00;0.03;Y
1961-12-21;06:00:00;0.02;Y
1961-12-22;06:00:00;0.03;Y
1961-12-23;06:00:00;0.03;Y
1961-12-24;06:00:00;0.03;Y
1961-12-25;06:00:00;0.00;Y
1961-12-26;06:00:00;0.01;Y
1961-12-27;06:00:00;0.01;Y
1961-12-28;06:00:00;0.01;Y
1961-12-29;06:00:00;0.01;Y
1961-12-30;06:00:00;0.03;Y
1961-12-31;06:00:00;0.01;Y
1962-01-01;06:00:00;0.05;Y
1962-01-02;06:00:00;0.05;Y
1962-01-03;06:00:00;0.05;Y
1962-01-04;06:00:00;0.04;Y
1962-01-05;06:00:00;0.03;Y
1962-01-06;06:00:00;0.00;Y
1962-01-07;06:00:00;0.00;Y
1962-01-08;06:00:00;0.00;Y
1962-01-09;06:00:00;0.00;Y
1962-01-10;06:00:00;0.00;Y
1962-01-11;06:00:00;0.00;Y
1962-01-12;06:00:00;0.00;Y
1962-01-15;06:00:00;0.00;Y
1962-01-16;06:00:00;0.02;Y
1962-01-17;06:00:00;0.01;Y
1962-01-18;06:00:00;0.00;Y
1962-01-25;06:00:00;0.00;Y
1962-01-26;06:00:00;0.00;Y
1962-01-27;06:00:00;0.02;Y
1962-01-28;06:00:00;0.02;Y
1962-01-29;06:00:00;0.07;Y
1962-01-30;06:00:00;0.05;Y
1962-01-31;06:00:00;0.04;Y
1962-02-01;06:00:00;0.04;Y
1962-02-02;06:00:00;0.04;Y
1962-02-03;06:00:00;0.04;Y
1962-02-04;06:00:00;0.04;Y
1962-02-05;06:00:00;0.04;Y
1962-02-06;06:00:00;0.04;Y
1962-02-07;06:00:00;0.03;Y
1962-02-08;06:00:00;0.00;Y
1962-02-09;06:00:00;0.00;Y
1962-02-10;06:00:00;0.00;Y
1962-02-11;06:00:00;0.00;G
1962-02-12;06:00:00;0.02;Y
1962-02-13;06:00:00;0.01;Y
1962-02-14;06:00:00;0.01;Y
1962-02-15;06:00:00;0.00;Y
1962-02-16;06:00:00;0.01;Y
1962-02-17;06:00:00;0.01;Y
1962-02-18;06:00:00;0.01;Y
1962-02-19;06:00:00;0.00;Y
1962-02-20;06:00:00;0.00;Y
1962-02-21;06:00:00;0.00;Y
1962-02-22;06:00:00;0.00;Y
1962-02-23;06:00:00;0.00;Y
1962-02-24;06:00:00;0.01;Y
1962-02-25;06:00:00;0.01;Y
1962-02-26;06:00:00;0.02;Y
1962-02-27;06:00:00;0.03;Y
1962-02-28;06:00:00;0.03;Y
1962-03-01;06:00:00;0.03;Y
1962-03-02;06:00:00;0.03;Y
1962-03-03;06:00:00;0.03;Y
1962-03-04;06:00:00;0.07;Y
1962-03-05;06:00:00;0.07;Y
1962-03-06;06:00:00;0.07;Y
1962-03-07;06:00:00;0.07;Y
1962-03-08;06:00:00;0.07;Y
1962-03-09;06:00:00;0.06;Y
1962-03-10;06:00:00;0.07;Y
1962-03-11;06:00:00;0.07;Y
1962-03-12;06:00:00;0.07;Y
1962-03-13;06:00:00;0.07;Y
1962-03-14;06:00:00;0.06;Y
1962-03-15;06:00:00;0.06;Y
1962-03-16;06:00:00;0.05;Y
1962-03-17;06:00:00;0.05;Y
1962-03-18;06:00:00;0.04;Y
1962-03-19;06:00:00;0.04;Y
1962-03-20;06:00:00;0.04;Y
1962-03-21;06:00:00;0.04;Y
1962-03-22;06:00:00;0.04;Y
1962-03-23;06:00:00;0.04;Y
1962-03-24;06:00:00;0.05;Y
1962-03-25;06:00:00;0.04;Y
1962-03-26;06:00:00;0.04;Y
1962-03-27;06:00:00;0.00;Y
1962-03-28;06:00:00;0.00;Y
1962-03-29;06:00:00;0.00;Y
1962-03-30;06:00:00;0.00;Y
1962-03-31;06:00:00;0.00;Y
1962-12-01;06:00:00;0.05;Y
1962-12-02;06:00:00;0.04;Y
1962-12-03;06:00:00;0.03;Y
1962-12-04;06:00:00;0.02;Y
1962-12-05;06:00:00;0.02;Y
1962-12-06;06:00:00;0.00;Y
1962-12-07;06:00:00;0.00;Y
1962-12-08;06:00:00;0.00;Y
1962-12-09;06:00:00;0.00;Y
1962-12-10;06:00:00;0.00;Y
1962-12-11;06:00:00;0.00;Y
1962-12-13;06:00:00;0.00;Y
1962-12-14;06:00:00;0.00;Y
1962-12-17;06:00:00;0.13;Y
1962-12-18;06:00:00;0.25;Y
1962-12-19;06:00:00;0.27;Y
1962-12-20;06:00:00;0.22;Y
1962-12-21;06:00:00;0.23;Y
1962-12-22;06:00:00;0.21;Y
1962-12-23;06:00:00;0.17;Y
1962-12-24;06:00:00;0.17;Y
1962-12-25;06:00:00;0.16;Y
1962-12-26;06:00:00;0.20;Y
1962-12-27;06:00:00;0.25;Y
1962-12-28;06:00:00;0.28;Y
1962-12-29;06:00:00;0.31;Y
1962-12-30;06:00:00;0.32;Y
1962-12-31;06:00:00;0.31;Y
1963-01-01;06:00:00;0.30;Y
1963-01-02;06:00:00;0.30;Y
1963-01-03;06:00:00;0.29;Y
1963-01-04;06:00:00;0.29;Y
1963-01-05;06:00:00;0.28;Y
1963-01-06;06:00:00;0.33;Y
1963-01-07;06:00:00;0.34;Y
1963-01-08;06:00:00;0.33;Y
1963-01-09;06:00:00;0.32;Y
1963-01-10;06:00:00;0.32;Y
1963-01-11;06:00:00;0.32;Y
1963-01-12;06:00:00;0.32;Y
1963-01-13;06:00:00;0.32;Y
1963-01-14;06:00:00;0.32;Y
1963-01-15;06:00:00;0.32;Y
1963-01-16;06:00:00;0.39;Y
1963-01-17;06:00:00;0.38;Y
1963-01-18;06:00:00;0.39;Y
1963-01-19;06:00:00;0.38;Y
1963-01-20;06:00:00;0.37;Y
1963-01-21;06:00:00;0.36;Y
1963-01-22;06:00:00;0.35;Y
1963-01-23;06:00:00;0.34;Y
1963-01-24;06:00:00;0.34;Y
1963-01-25;06:00:00;0.33;Y
1963-01-26;06:00:00;0.34;Y
1963-01-27;06:00:00;0.36;Y
1963-01-28;06:00:00;0.35;Y
1963-01-29;06:00:00;0.35;Y
1963-01-30;06:00:00;0.34;Y
1963-01-31;06:00:00;0.35;Y
1963-02-01;06:00:00;0.36;Y
1963-02-02;06:00:00;0.38;Y
1963-02-03;06:00:00;0.48;Y
1963-02-04;06:00:00;0.47;Y
1963-02-05;06:00:00;0.46;Y
1963-02-06;06:00:00;0.44;Y
1963-02-07;06:00:00;0.43;Y
1963-02-08;06:00:00;0.41;Y
1963-02-09;06:00:00;0.40;Y
1963-02-10;06:00:00;0.40;Y
1963-02-11;06:00:00;0.39;Y
1963-02-12;06:00:00;0.38;Y
1963-02-13;06:00:00;0.37;Y
1963-02-14;06:00:00;0.40;Y
1963-02-15;06:00:00;0.43;Y
1963-02-16;06:00:00;0.42;Y
1963-02-17;06:00:00;0.43;Y
1963-02-18;06:00:00;0.44;Y
1963-02-19;06:00:00;0.43;Y
1963-02-20;06:00:00;0.44;Y
1963-02-21;06:00:00;0.43;Y
1963-02-22;06:00:00;0.42;Y
1963-02-23;06:00:00;0.41;Y
1963-02-24;06:00:00;0.41;Y
1963-02-25;06:00:00;0.40;Y
1963-02-26;06:00:00;0.38;Y
1963-02-27;06:00:00;0.37;Y
1963-02-28;06:00:00;0.36;Y
1963-03-01;06:00:00;0.35;Y
1963-03-02;06:00:00;0.34;Y
1963-03-03;06:00:00;0.34;Y
1963-03-04;06:00:00;0.30;Y
1963-03-05;06:00:00;0.28;Y
1963-03-06;06:00:00;0.24;Y
1963-03-07;06:00:00;0.18;Y
1963-03-08;06:00:00;0.12;Y
1963-03-09;06:00:00;0.12;Y
1963-03-10;06:00:00;0.12;Y
1963-03-11;06:00:00;0.13;Y
1963-03-12;06:00:00;0.13;Y
1963-03-13;06:00:00;0.18;Y
1963-03-14;06:00:00;0.18;Y
1963-03-15;06:00:00;0.17;Y
1963-03-16;06:00:00;0.17;Y
1963-03-17;06:00:00;0.16;Y
1963-03-18;06:00:00;0.16;Y
1963-03-19;06:00:00;0.16;Y
1963-03-20;06:00:00;0.15;Y
1963-03-21;06:00:00;0.15;Y
1963-03-22;06:00:00;0.14;Y
1963-03-23;06:00:00;0.14;Y
1963-03-24;06:00:00;0.13;Y
1963-03-25;06:00:00;0.10;Y
1963-03-26;06:00:00;0.09;Y
1963-03-27;06:00:00;0.10;Y
1963-03-28;06:00:00;0.09;Y
1963-03-29;06:00:00;0.08;Y
1963-03-30;06:00:00;0.07;Y
1963-03-31;06:00:00;0.06;Y
1963-04-01;06:00:00;0.06;Y
1963-04-02;06:00:00;0.06;Y
1963-04-03;06:00:00;0.06;Y
1963-04-04;06:00:00;0.05;Y
1963-04-05;06:00:00;0.04;Y
1963-04-06;06:00:00;0.04;Y
1963-04-07;06:00:00;0.04;Y
1963-11-22;06:00:00;0.01;Y
1963-11-24;06:00:00;0.01;Y
1963-11-25;06:00:00;0.00;Y
1963-12-10;06:00:00;0.01;Y
1963-12-11;06:00:00;0.01;Y
1963-12-12;06:00:00;0.02;Y
1963-12-13;06:00:00;0.02;Y
1963-12-14;06:00:00;0.02;Y
1963-12-15;06:00:00;0.02;Y
1963-12-16;06:00:00;0.02;Y
1963-12-17;06:00:00;0.02;Y
1963-12-18;06:00:00;0.02;Y
1963-12-19;06:00:00;0.03;Y
1963-12-20;06:00:00;0.03;Y
1963-12-21;06:00:00;0.03;Y
1963-12-22;06:00:00;0.03;Y
1963-12-23;06:00:00;0.03;Y
1963-12-24;06:00:00;0.03;Y
1963-12-25;06:00:00;0.03;Y
1963-12-26;06:00:00;0.03;Y
1963-12-27;06:00:00;0.02;Y
1963-12-28;06:00:00;0.01;Y
1963-12-29;06:00:00;0.00;Y
1963-12-30;06:00:00;0.00;Y
1964-01-27;06:00:00;0.01;Y
1964-01-28;06:00:00;0.01;Y
1964-01-29;06:00:00;0.01;Y
1964-02-01;06:00:00;0.01;Y
1964-02-02;06:00:00;0.00;Y
1964-02-03;06:00:00;0.00;Y
1964-02-04;06:00:00;0.00;Y
1964-02-05;06:00:00;0.00;Y
1964-02-06;06:00:00;0.00;Y
1964-02-11;06:00:00;0.02;Y
1964-02-12;06:00:00;0.05;Y
1964-02-13;06:00:00;0.04;Y
1964-02-14;06:00:00;0.06;Y
1964-02-15;06:00:00;0.05;Y
1964-02-16;06:00:00;0.12;Y
1964-02-17;06:00:00;0.18;Y
1964-02-18;06:00:00;0.22;Y
1964-02-19;06:00:00;0.24;Y
1964-02-20;06:00:00;0.22;Y
1964-02-21;06:00:00;0.18;Y
1964-02-22;06:00:00;0.18;Y
1964-02-23;06:00:00;0.17;Y
1964-02-24;06:00:00;0.16;Y
1964-02-25;06:00:00;0.15;Y
1964-02-26;06:00:00;0.14;Y
1964-02-27;06:00:00;0.13;Y
1964-02-28;06:00:00;0.11;Y
1964-02-29;06:00:00;0.10;Y
1964-03-01;06:00:00;0.09;Y
1964-03-02;06:00:00;0.10;Y
1964-03-03;06:00:00;0.09;Y
1964-03-04;06:00:00;0.11;Y
1964-03-05;06:00:00;0.11;Y
1964-03-06;06:00:00;0.11;Y
1964-03-07;06:00:00;0.11;Y
1964-03-08;06:00:00;0.11;Y
1964-03-09;06:00:00;0.09;Y
1964-03-10;06:00:00;0.07;Y
1964-03-11;06:00:00;0.05;Y
1964-03-12;06:00:00;0.03;Y
1964-03-13;06:00:00;0.02;Y
1964-03-14;06:00:00;0.00;Y
1964-03-15;06:00:00;0.00;Y
1964-03-16;06:00:00;0.00;Y
1964-03-17;06:00:00;0.00;Y
1964-03-18;06:00:00;0.01;Y
1964-03-19;06:00:00;0.04;Y
1964-03-20;06:00:00;0.04;Y
1964-03-21;06:00:00;0.04;Y
1964-03-22;06:00:00;0.03;Y
1964-03-23;06:00:00;0.02;Y
1964-03-24;06:00:00;0.01;Y
1964-03-25;06:00:00;0.00;Y
1964-03-26;06:00:00;0.00;Y
1964-12-04;06:00:00;0.04;Y
1964-12-05;06:00:00;0.02;Y
1964-12-06;06:00:00;0.02;Y
1964-12-07;06:00:00;0.02;Y
1965-01-08;06:00:00;0.01;Y
1965-01-09;06:00:00;0.03;Y
1965-01-10;06:00:00;0.05;Y
1965-01-11;06:00:00;0.04;Y
1965-01-12;06:00:00;0.00;Y
1965-01-21;06:00:00;0.02;Y
1965-01-22;06:00:00;0.04;Y
1965-01-23;06:00:00;0.02;Y
1965-01-24;06:00:00;0.02;Y
1965-01-25;06:00:00;0.02;Y
1965-01-26;06:00:00;0.02;Y
1965-01-27;06:00:00;0.08;Y
1965-01-28;06:00:00;0.11;Y
1965-01-29;06:00:00;0.12;Y
1965-01-30;06:00:00;0.12;Y
1965-01-31;06:00:00;0.11;Y
1965-02-01;06:00:00;0.11;Y
1965-02-02;06:00:00;0.10;Y
1965-02-03;06:00:00;0.09;Y
1965-02-04;06:00:00;0.08;Y
1965-02-05;06:00:00;0.14;Y
1965-02-06;06:00:00;0.12;Y
1965-02-07;06:00:00;0.09;Y
1965-02-08;06:00:00;0.07;Y
1965-02-09;06:00:00;0.06;Y
1965-02-10;06:00:00;0.06;Y
1965-02-11;06:00:00;0.05;Y
1965-02-12;06:00:00;0.04;Y
1965-02-13;06:00:00;0.03;Y
1965-02-14;06:00:00;0.03;Y
1965-02-15;06:00:00;0.04;Y
1965-02-16;06:00:00;0.08;Y
1965-02-17;06:00:00;0.09;Y
1965-02-18;06:00:00;0.09;Y
1965-02-19;06:00:00;0.08;Y
1965-02-20;06:00:00;0.08;Y
1965-02-21;06:00:00;0.08;Y
1965-02-22;06:00:00;0.08;Y
1965-02-23;06:00:00;0.09;Y
1965-02-24;06:00:00;0.08;Y
1965-02-25;06:00:00;0.09;Y
1965-02-26;06:00:00;0.08;Y
1965-02-27;06:00:00;0.08;Y
1965-02-28;06:00:00;0.07;Y
1965-03-01;06:00:00;0.07;Y
1965-03-02;06:00:00;0.06;Y
1965-03-03;06:00:00;0.06;Y
1965-03-04;06:00:00;0.06;Y
1965-03-05;06:00:00;0.07;Y
1965-03-06;06:00:00;0.07;Y
1965-03-07;06:00:00;0.07;Y
1965-03-08;06:00:00;0.07;Y
1965-03-09;06:00:00;0.08;Y
1965-03-10;06:00:00;0.07;Y
1965-03-11;06:00:00;0.06;Y
1965-03-12;06:00:00;0.05;Y
1965-03-13;06:00:00;0.04;Y
1965-03-14;06:00:00;0.03;Y
1965-03-15;06:00:00;0.03;Y
1965-03-16;06:00:00;0.02;Y
1965-03-17;06:00:00;0.01;Y
1965-03-25;06:00:00;0.05;Y
1965-03-26;06:00:00;0.05;Y
1965-03-27;06:00:00;0.04;Y
1965-11-12;06:00:00;0.05;Y
1965-11-13;06:00:00;0.11;Y
1965-11-14;06:00:00;0.12;Y
1965-11-15;06:00:00;0.13;Y
1965-11-16;06:00:00;0.16;Y
1965-11-17;06:00:00;0.15;Y
1965-11-18;06:00:00;0.15;Y
1965-11-19;06:00:00;0.14;Y
1965-11-20;06:00:00;0.14;Y
1965-11-21;06:00:00;0.21;Y
1965-11-22;06:00:00;0.21;Y
1965-11-23;06:00:00;0.20;Y
1965-11-24;06:00:00;0.20;Y
1965-11-25;06:00:00;0.17;Y
1965-11-26;06:00:00;0.18;Y
1965-11-27;06:00:00;0.16;Y
1965-11-28;06:00:00;0.18;Y
1965-11-29;06:00:00;0.16;Y
1965-11-30;06:00:00;0.14;Y
1965-12-01;06:00:00;0.10;Y
1965-12-02;06:00:00;0.10;Y
1965-12-03;06:00:00;0.09;Y
1965-12-04;06:00:00;0.07;Y
1965-12-05;06:00:00;0.06;Y
1965-12-06;06:00:00;0.05;Y
1965-12-07;06:00:00;0.05;Y
1965-12-08;06:00:00;0.05;Y
1965-12-09;06:00:00;0.06;Y
1965-12-10;06:00:00;0.04;Y
1965-12-11;06:00:00;0.04;Y
1965-12-12;06:00:00;0.11;Y
1965-12-13;06:00:00;0.12;Y
1965-12-14;06:00:00;0.12;Y
1965-12-15;06:00:00;0.16;Y
1965-12-16;06:00:00;0.15;Y
1965-12-17;06:00:00;0.15;Y
1965-12-18;06:00:00;0.15;Y
1965-12-19;06:00:00;0.11;Y
1965-12-20;06:00:00;0.08;Y
1965-12-21;06:00:00;0.08;Y
1965-12-22;06:00:00;0.08;Y
1965-12-23;06:00:00;0.08;Y
1965-12-24;06:00:00;0.08;Y
1965-12-25;06:00:00;0.07;Y
1965-12-26;06:00:00;0.07;Y
1965-12-27;06:00:00;0.07;Y
1965-12-28;06:00:00;0.07;Y
1965-12-29;06:00:00;0.07;Y
1965-12-30;06:00:00;0.07;Y
1965-12-31;06:00:00;0.27;Y
1966-01-01;06:00:00;0.25;Y
1966-01-02;06:00:00;0.37;Y
1966-01-03;06:00:00;0.36;Y
1966-01-04;06:00:00;0.36;Y
1966-01-05;06:00:00;0.35;Y
1966-01-06;06:00:00;0.34;Y
1966-01-07;06:00:00;0.37;Y
1966-01-08;06:00:00;0.34;Y
1966-01-09;06:00:00;0.32;Y
1966-01-10;06:00:00;0.29;Y
1966-01-11;06:00:00;0.29;Y
1966-01-12;06:00:00;0.30;Y
1966-01-13;06:00:00;0.48;Y
1966-01-14;06:00:00;0.58;Y
1966-01-15;06:00:00;0.57;Y
1966-01-16;06:00:00;0.55;Y
1966-01-17;06:00:00;0.54;Y
1966-01-18;06:00:00;0.50;Y
1966-01-19;06:00:00;0.52;Y
1966-01-20;06:00:00;0.50;Y
1966-01-21;06:00:00;0.48;Y
1966-01-22;06:00:00;0.45;Y
1966-01-23;06:00:00;0.46;Y
1966-01-24;06:00:00;0.48;Y
1966-01-25;06:00:00;0.48;Y
1966-01-26;06:00:00;0.46;Y
1966-01-27;06:00:00;0.46;Y
1966-01-28;06:00:00;0.45;Y
1966-01-29;06:00:00;0.41;Y
1966-01-30;06:00:00;0.39;Y
1966-01-31;06:00:00;0.28;Y
1966-02-01;06:00:00;0.26;Y
1966-02-02;06:00:00;0.26;Y
1966-02-03;06:00:00;0.33;Y
1966-02-04;06:00:00;0.40;Y
1966-02-05;06:00:00;0.52;Y
1966-02-06;06:00:00;0.64;Y
1966-02-07;06:00:00;0.65;Y
1966-02-08;06:00:00;0.65;Y
1966-02-09;06:00:00;0.65;Y
1966-02-10;06:00:00;0.63;Y
1966-02-11;06:00:00;0.62;Y
1966-02-12;06:00:00;0.62;Y
1966-02-13;06:00:00;0.62;Y
1966-02-14;06:00:00;0.71;Y
1966-02-15;06:00:00;0.76;Y
1966-02-16;06:00:00;0.77;Y
1966-02-17;06:00:00;0.75;Y
1966-02-18;06:00:00;0.76;Y
1966-02-19;06:00:00;0.76;Y
1966-02-20;06:00:00;0.78;Y
1966-02-21;06:00:00;0.65;Y
1966-02-22;06:00:00;0.60;Y
1966-02-23;06:00:00;0.60;Y
1966-02-24;06:00:00;0.57;Y
1966-02-25;06:00:00;0.54;Y
1966-02-26;06:00:00;0.54;Y
1966-02-27;06:00:00;0.52;Y
1966-02-28;06:00:00;0.50;Y
1966-03-01;06:00:00;0.47;Y
1966-03-02;06:00:00;0.45;Y
1966-03-03;06:00:00;0.43;Y
1966-03-04;06:00:00;0.41;Y
1966-03-05;06:00:00;0.40;Y
1966-03-06;06:00:00;0.38;Y
1966-03-07;06:00:00;0.33;Y
1966-03-08;06:00:00;0.31;Y
1966-03-09;06:00:00;0.22;Y
1966-03-10;06:00:00;0.15;Y
1966-03-11;06:00:00;0.11;Y
1966-03-12;06:00:00;0.08;Y
1966-03-13;06:00:00;0.11;Y
1966-03-14;06:00:00;0.11;Y
1966-03-15;06:00:00;0.13;Y
1966-03-16;06:00:00;0.12;Y
1966-03-17;06:00:00;0.10;Y
1966-03-18;06:00:00;0.09;Y
1966-03-19;06:00:00;0.08;Y
1966-03-20;06:00:00;0.07;Y
1966-03-23;06:00:00;0.02;Y
1966-03-28;06:00:00;0.03;Y
1966-04-15;06:00:00;0.06;Y
1966-04-16;06:00:00;0.04;Y
1966-04-17;06:00:00;0.05;Y
1966-04-18;06:00:00;0.04;Y
1966-04-19;06:00:00;0.03;Y
1966-04-20;06:00:00;0.07;Y
1966-04-21;06:00:00;0.08;Y
1966-04-22;06:00:00;0.07;Y
1966-04-23;06:00:00;0.06;Y
1966-04-24;06:00:00;0.03;Y
1966-12-13;06:00:00;0.02;Y
1966-12-14;06:00:00;0.02;Y
1966-12-15;06:00:00;0.05;Y
1966-12-16;06:00:00;0.07;Y
1966-12-17;06:00:00;0.08;Y
1966-12-24;06:00:00;0.00;Y
1966-12-25;06:00:00;0.00;Y
1966-12-26;06:00:00;0.00;Y
1966-12-27;06:00:00;0.00;Y
1966-12-28;06:00:00;0.08;Y
1966-12-29;06:00:00;0.07;Y
1966-12-30;06:00:00;0.00;Y
1966-12-31;06:00:00;0.00;Y
1967-01-01;06:00:00;0.00;Y
1967-01-02;06:00:00;0.00;Y
1967-01-03;06:00:00;0.00;Y
1967-01-04;06:00:00;0.03;Y
1967-01-05;06:00:00;0.11;Y
1967-01-06;06:00:00;0.13;Y
1967-01-07;06:00:00;0.13;Y
1967-01-08;06:00:00;0.13;Y
1967-01-09;06:00:00;0.15;Y
1967-01-10;06:00:00;0.19;Y
1967-01-11;06:00:00;0.19;Y
1967-01-12;06:00:00;0.17;Y
1967-01-13;06:00:00;0.17;Y
1967-01-14;06:00:00;0.15;Y
1967-01-15;06:00:00;0.15;Y
1967-01-16;06:00:00;0.14;Y
1967-01-17;06:00:00;0.12;Y
1967-01-18;06:00:00;0.11;Y
1967-01-19;06:00:00;0.10;Y
1967-01-20;06:00:00;0.08;Y
1967-01-21;06:00:00;0.08;Y
1967-01-22;06:00:00;0.09;Y
1967-01-23;06:00:00;0.09;Y
1967-01-24;06:00:00;0.09;Y
1967-01-25;06:00:00;0.11;Y
1967-01-26;06:00:00;0.13;Y
1967-01-27;06:00:00;0.22;Y
1967-01-28;06:00:00;0.20;Y
1967-01-29;06:00:00;0.22;Y
1967-01-30;06:00:00;0.35;Y
1967-01-31;06:00:00;0.40;Y
1967-02-01;06:00:00;0.44;Y
1967-02-02;06:00:00;0.42;Y
1967-02-03;06:00:00;0.44;Y
1967-02-04;06:00:00;0.38;Y
1967-02-05;06:00:00;0.35;Y
1967-02-06;06:00:00;0.30;Y
1967-02-07;06:00:00;0.23;Y
1967-02-08;06:00:00;0.22;Y
1967-02-09;06:00:00;0.22;Y
1967-02-10;06:00:00;0.21;Y
1967-02-11;06:00:00;0.21;Y
1967-02-12;06:00:00;0.20;Y
1967-02-13;06:00:00;0.20;Y
1967-02-14;06:00:00;0.19;Y
1967-02-15;06:00:00;0.18;Y
1967-02-16;06:00:00;0.18;Y
1967-02-17;06:00:00;0.18;Y
1967-02-18;06:00:00;0.17;Y
1967-02-19;06:00:00;0.20;Y
1967-02-20;06:00:00;0.20;Y
1967-02-21;06:00:00;0.19;Y
1967-02-22;06:00:00;0.16;Y
1967-02-23;06:00:00;0.15;Y
1967-02-24;06:00:00;0.15;Y
1967-02-25;06:00:00;0.14;Y
1967-02-26;06:00:00;0.14;Y
1967-02-27;06:00:00;0.13;Y
1967-02-28;06:00:00;0.13;Y
1967-03-01;06:00:00;0.09;Y
1967-03-02;06:00:00;0.00;Y
1967-12-06;06:00:00;0.00;Y
1967-12-07;06:00:00;0.00;Y
1967-12-08;06:00:00;0.00;Y
1967-12-09;06:00:00;0.00;Y
1967-12-10;06:00:00;0.01;Y
1967-12-11;06:00:00;0.01;Y
1967-12-12;06:00:00;0.13;Y
1967-12-13;06:00:00;0.13;Y
1967-12-14;06:00:00;0.12;Y
1967-12-15;06:00:00;0.00;Y
1967-12-22;06:00:00;0.01;Y
1967-12-23;06:00:00;0.09;Y
1967-12-24;06:00:00;0.16;Y
1967-12-25;06:00:00;0.17;Y
1967-12-26;06:00:00;0.19;Y
1967-12-27;06:00:00;0.19;Y
1967-12-28;06:00:00;0.23;Y
1967-12-29;06:00:00;0.22;Y
1967-12-30;06:00:00;0.21;Y
1967-12-31;06:00:00;0.21;Y
1968-01-01;06:00:00;0.26;Y
1968-01-02;06:00:00;0.26;Y
1968-01-03;06:00:00;0.25;Y
1968-01-04;06:00:00;0.24;Y
1968-01-05;06:00:00;0.26;Y
1968-01-06;06:00:00;0.26;Y
1968-01-07;06:00:00;0.27;Y
1968-01-08;06:00:00;0.30;Y
1968-01-09;06:00:00;0.30;Y
1968-01-10;06:00:00;0.30;Y
1968-01-11;06:00:00;0.34;Y
1968-01-12;06:00:00;0.33;Y
1968-01-13;06:00:00;0.34;Y
1968-01-14;06:00:00;0.36;Y
1968-01-15;06:00:00;0.40;Y
1968-01-16;06:00:00;0.36;Y
1968-01-17;06:00:00;0.35;Y
1968-01-18;06:00:00;0.38;Y
1968-01-19;06:00:00;0.46;Y
1968-01-20;06:00:00;0.39;Y
1968-01-21;06:00:00;0.33;Y
1968-01-22;06:00:00;0.31;Y
1968-01-23;06:00:00;0.31;Y
1968-01-24;06:00:00;0.32;Y
1968-01-25;06:00:00;0.32;Y
1968-01-26;06:00:00;0.35;Y
1968-01-27;06:00:00;0.38;Y
1968-01-28;06:00:00;0.38;Y
1968-01-29;06:00:00;0.38;Y
1968-01-30;06:00:00;0.35;Y
1968-01-31;06:00:00;0.30;Y
1968-02-01;06:00:00;0.26;Y
1968-02-02;06:00:00;0.23;Y
1968-02-03;06:00:00;0.22;Y
1968-02-04;06:00:00;0.22;Y
1968-02-05;06:00:00;0.19;Y
1968-02-06;06:00:00;0.18;Y
1968-02-07;06:00:00;0.20;Y
1968-02-08;06:00:00;0.21;Y
1968-02-09;06:00:00;0.21;Y
1968-02-10;06:00:00;0.21;Y
1968-02-11;06:00:00;0.20;Y
1968-02-12;06:00:00;0.18;Y
1968-02-13;06:00:00;0.18;Y
1968-02-14;06:00:00;0.19;Y
1968-02-15;06:00:00;0.19;Y
1968-02-16;06:00:00;0.19;Y
1968-02-17;06:00:00;0.19;Y
1968-02-18;06:00:00;0.24;Y
1968-02-19;06:00:00;0.24;Y
1968-02-20;06:00:00;0.23;Y
1968-02-21;06:00:00;0.23;Y
1968-02-22;06:00:00;0.23;Y
1968-02-23;06:00:00;0.23;Y
1968-02-24;06:00:00;0.23;Y
1968-02-25;06:00:00;0.23;Y
1968-02-26;06:00:00;0.22;Y
1968-02-27;06:00:00;0.21;Y
1968-02-28;06:00:00;0.19;Y
1968-02-29;06:00:00;0.18;Y
1968-03-01;06:00:00;0.18;Y
1968-03-02;06:00:00;0.17;Y
1968-03-03;06:00:00;0.17;Y
1968-03-04;06:00:00;0.17;Y
1968-03-05;06:00:00;0.16;Y
1968-03-06;06:00:00;0.15;Y
1968-03-07;06:00:00;0.15;Y
1968-03-08;06:00:00;0.15;Y
1968-03-09;06:00:00;0.14;Y
1968-03-10;06:00:00;0.14;Y
1968-03-11;06:00:00;0.14;Y
1968-03-12;06:00:00;0.14;Y
1968-03-13;06:00:00;0.13;Y
1968-03-14;06:00:00;0.12;Y
1968-03-15;06:00:00;0.11;Y
1968-03-16;06:00:00;0.14;Y
1968-03-17;06:00:00;0.12;Y
1968-03-18;06:00:00;0.12;Y
1968-03-19;06:00:00;0.11;Y
1968-03-20;06:00:00;0.11;Y
1968-04-08;06:00:00;0.13;Y
1968-04-09;06:00:00;0.14;Y
1968-04-10;06:00:00;0.05;Y
1968-12-26;06:00:00;0.08;Y
1968-12-27;06:00:00;0.06;Y
1968-12-28;06:00:00;0.17;Y
1968-12-29;06:00:00;0.19;Y
1968-12-30;06:00:00;0.17;Y
1968-12-31;06:00:00;0.18;Y
1969-01-01;06:00:00;0.20;Y
1969-01-02;06:00:00;0.20;Y
1969-01-03;06:00:00;0.20;Y
1969-01-04;06:00:00;0.20;Y
1969-01-05;06:00:00;0.19;Y
1969-01-06;06:00:00;0.19;Y
1969-01-07;06:00:00;0.23;Y
1969-01-08;06:00:00;0.22;Y
1969-01-09;06:00:00;0.22;Y
1969-01-10;06:00:00;0.21;Y
1969-01-11;06:00:00;0.20;Y
1969-01-12;06:00:00;0.21;Y
1969-01-13;06:00:00;0.21;Y
1969-01-14;06:00:00;0.25;Y
1969-01-15;06:00:00;0.20;Y
1969-01-16;06:00:00;0.15;Y
1969-01-17;06:00:00;0.10;Y
1969-01-18;06:00:00;0.06;Y
1969-01-19;06:00:00;0.09;Y
1969-01-20;06:00:00;0.12;Y
1969-01-21;06:00:00;0.13;Y
1969-01-22;06:00:00;0.13;Y
1969-01-23;06:00:00;0.21;Y
1969-01-24;06:00:00;0.23;Y
1969-01-25;06:00:00;0.24;Y
1969-01-26;06:00:00;0.22;Y
1969-01-27;06:00:00;0.18;Y
1969-01-28;06:00:00;0.13;Y
1969-01-29;06:00:00;0.09;Y
1969-01-30;06:00:00;0.07;Y
1969-01-31;06:00:00;0.05;Y
1969-02-01;06:00:00;0.05;Y
1969-02-02;06:00:00;0.05;Y
1969-02-03;06:00:00;0.16;Y
1969-02-04;06:00:00;0.16;Y
1969-02-05;06:00:00;0.15;Y
1969-02-06;06:00:00;0.12;Y
1969-02-07;06:00:00;0.10;Y
1969-02-08;06:00:00;0.11;Y
1969-02-09;06:00:00;0.16;Y
1969-02-10;06:00:00;0.24;Y
1969-02-11;06:00:00;0.27;Y
1969-02-12;06:00:00;0.27;Y
1969-02-13;06:00:00;0.31;Y
1969-02-14;06:00:00;0.29;Y
1969-02-15;06:00:00;0.28;Y
1969-02-16;06:00:00;0.28;Y
1969-02-17;06:00:00;0.29;Y
1969-02-18;06:00:00;0.27;Y
1969-02-19;06:00:00;0.28;Y
1969-02-20;06:00:00;0.32;Y
1969-02-21;06:00:00;0.34;Y
1969-02-22;06:00:00;0.30;Y
1969-02-23;06:00:00;0.23;Y
1969-02-24;06:00:00;0.21;Y
1969-02-25;06:00:00;0.20;Y
1969-02-26;06:00:00;0.20;Y
1969-02-27;06:00:00;0.19;Y
1969-02-28;06:00:00;0.19;Y
1969-03-01;06:00:00;0.18;Y
1969-03-02;06:00:00;0.18;Y
1969-03-03;06:00:00;0.18;Y
1969-03-04;06:00:00;0.17;Y
1969-03-05;06:00:00;0.17;Y
1969-03-06;06:00:00;0.16;Y
1969-03-07;06:00:00;0.15;Y
1969-03-08;06:00:00;0.15;Y
1969-03-09;06:00:00;0.15;Y
1969-03-10;06:00:00;0.18;Y
1969-03-11;06:00:00;0.17;Y
1969-03-12;06:00:00;0.17;Y
1969-03-13;06:00:00;0.16;Y
1969-03-14;06:00:00;0.16;Y
1969-03-15;06:00:00;0.15;Y
1969-03-16;06:00:00;0.15;Y
1969-03-17;06:00:00;0.15;Y
1969-03-18;06:00:00;0.15;Y
1969-03-19;06:00:00;0.14;Y
1969-03-20;06:00:00;0.13;Y
1969-03-21;06:00:00;0.13;Y
1969-03-22;06:00:00;0.12;Y
1969-03-23;06:00:00;0.10;Y
1969-03-24;06:00:00;0.10;Y
1969-03-25;06:00:00;0.09;Y
1969-03-26;06:00:00;0.09;Y
1969-03-27;06:00:00;0.08;Y
1969-03-28;06:00:00;0.08;Y
1969-03-29;06:00:00;0.07;Y
1969-03-30;06:00:00;0.05;Y
1969-03-31;06:00:00;0.05;Y
1969-04-01;06:00:00;0.04;Y
1969-04-02;06:00:00;0.09;Y
1969-04-03;06:00:00;0.09;Y
1969-04-04;06:00:00;0.00;Y
1969-04-17;06:00:00;0.02;Y
1969-11-29;06:00:00;0.15;Y
1969-11-30;06:00:00;0.18;Y
1969-12-01;06:00:00;0.17;Y
1969-12-02;06:00:00;0.20;Y
1969-12-03;06:00:00;0.20;Y
1969-12-04;06:00:00;0.19;Y
1969-12-05;06:00:00;0.18;Y
1969-12-06;06:00:00;0.18;Y
1969-12-07;06:00:00;0.17;Y
1969-12-08;06:00:00;0.17;Y
1969-12-09;06:00:00;0.17;Y
1969-12-10;06:00:00;0.15;Y
1969-12-11;06:00:00;0.13;Y
1969-12-12;06:00:00;0.13;Y
1969-12-13;06:00:00;0.13;Y
1969-12-14;06:00:00;0.13;Y
1969-12-15;06:00:00;0.14;Y
1969-12-16;06:00:00;0.15;Y
1969-12-17;06:00:00;0.15;Y
1969-12-18;06:00:00;0.14;Y
1969-12-19;06:00:00;0.14;Y
1969-12-20;06:00:00;0.16;Y
1969-12-21;06:00:00;0.15;Y
1969-12-22;06:00:00;0.15;Y
1969-12-23;06:00:00;0.15;Y
1969-12-24;06:00:00;0.14;Y
1969-12-25;06:00:00;0.15;Y
1969-12-26;06:00:00;0.14;Y
1969-12-27;06:00:00;0.14;Y
1969-12-28;06:00:00;0.13;Y
1969-12-29;06:00:00;0.12;Y
1969-12-30;06:00:00;0.13;Y
1969-12-31;06:00:00;0.13;Y
1970-01-01;06:00:00;0.13;Y
1970-01-02;06:00:00;0.14;Y
1970-01-03;06:00:00;0.14;Y
1970-01-04;06:00:00;0.14;Y
1970-01-05;06:00:00;0.14;Y
1970-01-06;06:00:00;0.14;Y
1970-01-07;06:00:00;0.14;Y
1970-01-08;06:00:00;0.14;Y
1970-01-09;06:00:00;0.13;Y
1970-01-10;06:00:00;0.13;Y
1970-01-11;06:00:00;0.12;Y
1970-01-12;06:00:00;0.12;Y
1970-01-13;06:00:00;0.13;Y
1970-01-14;06:00:00;0.12;Y
1970-01-15;06:00:00;0.13;Y
1970-01-16;06:00:00;0.14;Y
1970-01-17;06:00:00;0.15;Y
1970-01-18;06:00:00;0.16;Y
1970-01-19;06:00:00;0.16;Y
1970-01-20;06:00:00;0.16;Y
1970-01-21;06:00:00;0.16;Y
1970-01-22;06:00:00;0.16;Y
1970-01-23;06:00:00;0.16;Y
1970-01-24;06:00:00;0.16;Y
1970-01-25;06:00:00;0.15;Y
1970-01-26;06:00:00;0.14;Y
1970-01-27;06:00:00;0.23;Y
1970-01-28;06:00:00;0.26;Y
1970-01-29;06:00:00;0.26;Y
1970-01-30;06:00:00;0.25;Y
1970-01-31;06:00:00;0.25;Y
1970-02-01;06:00:00;0.24;Y
1970-02-02;06:00:00;0.24;Y
1970-02-03;06:00:00;0.26;Y
1970-02-04;06:00:00;0.26;Y
1970-02-05;06:00:00;0.26;Y
1970-02-06;06:00:00;0.26;Y
1970-02-07;06:00:00;0.26;Y
1970-02-08;06:00:00;0.28;Y
1970-02-09;06:00:00;0.30;Y
1970-02-10;06:00:00;0.31;Y
1970-02-11;06:00:00;0.31;Y
1970-02-12;06:00:00;0.31;Y
1970-02-13;06:00:00;0.32;Y
1970-02-14;06:00:00;0.33;Y
1970-02-15;06:00:00;0.33;Y
1970-02-16;06:00:00;0.33;Y
1970-02-17;06:00:00;0.34;Y
1970-02-18;06:00:00;0.34;Y
1970-02-19;06:00:00;0.34;Y
1970-02-20;06:00:00;0.34;Y
1970-02-21;06:00:00;0.35;Y
1970-02-22;06:00:00;0.35;Y
1970-02-23;06:00:00;0.36;Y
1970-02-24;06:00:00;0.36;Y
1970-02-25;06:00:00;0.36;Y
1970-02-26;06:00:00;0.35;Y
1970-02-27;06:00:00;0.35;Y
1970-02-28;06:00:00;0.35;Y
1970-03-01;06:00:00;0.34;Y
1970-03-02;06:00:00;0.30;Y
1970-03-03;06:00:00;0.30;Y
1970-03-04;06:00:00;0.29;Y
1970-03-05;06:00:00;0.37;Y
1970-03-06;06:00:00;0.38;Y
1970-03-07;06:00:00;0.35;Y
1970-03-08;06:00:00;0.37;Y
1970-03-09;06:00:00;0.41;Y
1970-03-10;06:00:00;0.42;Y
1970-03-11;06:00:00;0.40;Y
1970-03-12;06:00:00;0.39;Y
1970-03-13;06:00:00;0.37;Y
1970-03-14;06:00:00;0.37;Y
1970-03-15;06:00:00;0.35;Y
1970-03-16;06:00:00;0.35;Y
1970-03-17;06:00:00;0.33;Y
1970-03-18;06:00:00;0.29;Y
1970-03-19;06:00:00;0.25;Y
1970-03-20;06:00:00;0.23;Y
1970-03-21;06:00:00;0.22;Y
1970-03-22;06:00:00;0.22;Y
1970-03-23;06:00:00;0.32;Y
1970-03-24;06:00:00;0.30;Y
1970-03-25;06:00:00;0.26;Y
1970-03-26;06:00:00;0.25;Y
1970-03-27;06:00:00;0.26;Y
1970-03-28;06:00:00;0.27;Y
1970-03-29;06:00:00;0.27;Y
1970-03-30;06:00:00;0.27;Y
1970-03-31;06:00:00;0.27;Y
1970-04-01;06:00:00;0.39;Y
1970-04-02;06:00:00;0.49;Y
1970-04-03;06:00:00;0.37;Y
1970-04-04;06:00:00;0.35;Y
1970-04-05;06:00:00;0.47;Y
1970-04-06;06:00:00;0.49;Y
1970-04-07;06:00:00;0.46;Y
1970-04-08;06:00:00;0.43;Y
1970-04-09;06:00:00;0.40;Y
1970-04-10;06:00:00;0.39;Y
1970-04-11;06:00:00;0.36;Y
1970-04-12;06:00:00;0.31;Y
1970-04-13;06:00:00;0.30;Y
1970-04-14;06:00:00;0.25;Y
1970-04-15;06:00:00;0.22;Y
1970-04-16;06:00:00;0.15;Y
1970-04-17;06:00:00;0.12;Y
1970-04-18;06:00:00;0.08;Y
1970-04-19;06:00:00;0.05;Y
1970-04-20;06:00:00;0.00;Y
1970-11-06;06:00:00;0.20;Y
1970-11-10;06:00:00;0.00;Y
1970-12-26;06:00:00;0.04;Y
1970-12-27;06:00:00;0.04;Y
1970-12-28;06:00:00;0.04;Y
1970-12-29;06:00:00;0.03;Y
1970-12-30;06:00:00;0.03;Y
1970-12-31;06:00:00;0.03;Y
1971-01-01;06:00:00;0.03;Y
1971-01-02;06:00:00;0.03;Y
1971-01-03;06:00:00;0.03;Y
1971-01-04;06:00:00;0.03;Y
1971-01-05;06:00:00;0.05;Y
1971-01-06;06:00:00;0.05;Y
1971-01-07;06:00:00;0.00;Y
1971-02-19;06:00:00;0.06;Y
1971-02-20;06:00:00;0.04;Y
1971-02-21;06:00:00;0.03;Y
1971-02-25;06:00:00;0.01;Y
1971-02-26;06:00:00;0.02;Y
1971-02-27;06:00:00;0.10;Y
1971-02-28;06:00:00;0.12;Y
1971-03-01;06:00:00;0.19;Y
1971-03-02;06:00:00;0.22;Y
1971-03-03;06:00:00;0.28;Y
1971-03-04;06:00:00;0.40;Y
1971-03-05;06:00:00;0.43;Y
1971-03-06;06:00:00;0.44;Y
1971-03-07;06:00:00;0.43;Y
1971-03-08;06:00:00;0.35;Y
1971-03-09;06:00:00;0.32;Y
1971-03-10;06:00:00;0.32;Y
1971-03-11;06:00:00;0.37;Y
1971-03-12;06:00:00;0.35;Y
1971-03-13;06:00:00;0.36;Y
1971-03-14;06:00:00;0.29;Y
1971-03-15;06:00:00;0.23;Y
1971-03-16;06:00:00;0.18;Y
1971-03-17;06:00:00;0.15;Y
1971-03-18;06:00:00;0.14;Y
1971-03-19;06:00:00;0.12;Y
1971-03-20;06:00:00;0.10;Y
1971-03-21;06:00:00;0.09;Y
1971-03-22;06:00:00;0.08;Y
1971-03-23;06:00:00;0.08;Y
1971-03-24;06:00:00;0.08;Y
1971-03-25;06:00:00;0.06;Y
1971-11-18;06:00:00;0.00;Y
1971-11-19;06:00:00;0.00;Y
1971-11-20;06:00:00;0.00;Y
1971-11-21;06:00:00;0.00;Y
1971-11-22;06:00:00;0.00;Y
1971-11-23;06:00:00;0.00;Y
1971-11-24;06:00:00;0.00;Y
1971-11-25;06:00:00;0.03;Y
1971-11-26;06:00:00;0.00;Y
1971-12-10;06:00:00;0.06;Y
1971-12-11;06:00:00;0.05;Y
1971-12-12;06:00:00;0.04;Y
1971-12-13;06:00:00;0.04;Y
1971-12-14;06:00:00;0.03;Y
1971-12-15;06:00:00;0.02;Y
1971-12-28;06:00:00;0.05;Y
1971-12-29;06:00:00;0.27;Y
1971-12-30;06:00:00;0.27;Y
1971-12-31;06:00:00;0.27;Y
1972-01-01;06:00:00;0.25;Y
1972-01-02;06:00:00;0.24;Y
1972-01-03;06:00:00;0.20;Y
1972-01-04;06:00:00;0.14;Y
1972-01-05;06:00:00;0.10;Y
1972-01-06;06:00:00;0.09;Y
1972-01-07;06:00:00;0.08;Y
1972-01-08;06:00:00;0.10;Y
1972-01-09;06:00:00;0.11;Y
1972-01-10;06:00:00;0.14;Y
1972-01-11;06:00:00;0.14;Y
1972-01-12;06:00:00;0.13;Y
1972-01-13;06:00:00;0.12;Y
1972-01-14;06:00:00;0.12;Y
1972-01-15;06:00:00;0.11;Y
1972-01-16;06:00:00;0.11;Y
1972-01-17;06:00:00;0.11;Y
1972-01-18;06:00:00;0.12;Y
1972-01-19;06:00:00;0.19;Y
1972-01-20;06:00:00;0.16;Y
1972-01-21;06:00:00;0.14;Y
1972-01-22;06:00:00;0.12;Y
1972-01-23;06:00:00;0.10;Y
1972-01-24;06:00:00;0.09;Y
1972-01-25;06:00:00;0.08;Y
1972-01-26;06:00:00;0.08;Y
1972-01-27;06:00:00;0.08;Y
1972-01-28;06:00:00;0.08;Y
1972-01-29;06:00:00;0.12;Y
1972-01-30;06:00:00;0.26;Y
1972-01-31;06:00:00;0.30;Y
1972-02-01;06:00:00;0.32;Y
1972-02-02;06:00:00;0.35;Y
1972-02-03;06:00:00;0.34;Y
1972-02-04;06:00:00;0.33;Y
1972-02-05;06:00:00;0.32;Y
1972-02-06;06:00:00;0.31;Y
1972-02-07;06:00:00;0.26;Y
1972-02-08;06:00:00;0.20;Y
1972-02-09;06:00:00;0.12;Y
1972-02-10;06:00:00;0.10;Y
1972-02-11;06:00:00;0.10;Y
1972-02-12;06:00:00;0.10;Y
1972-02-13;06:00:00;0.09;Y
1972-02-14;06:00:00;0.09;Y
1972-02-15;06:00:00;0.08;Y
1972-02-16;06:00:00;0.08;Y
1972-02-17;06:00:00;0.08;Y
1972-02-18;06:00:00;0.07;Y
1972-02-19;06:00:00;0.06;Y
1972-02-20;06:00:00;0.06;Y
1972-02-21;06:00:00;0.06;Y
1972-02-22;06:00:00;0.06;Y
1972-02-23;06:00:00;0.05;Y
1972-02-24;06:00:00;0.05;Y
1972-02-25;06:00:00;0.05;Y
1972-02-26;06:00:00;0.05;Y
1972-02-27;06:00:00;0.05;Y
1972-02-28;06:00:00;0.05;Y
1972-02-29;06:00:00;0.05;Y
1972-03-01;06:00:00;0.05;Y
1972-03-02;06:00:00;0.05;Y
1972-03-03;06:00:00;0.06;Y
1972-03-04;06:00:00;0.04;Y
1972-03-05;06:00:00;0.04;Y
1972-03-06;06:00:00;0.04;Y
1972-03-07;06:00:00;0.04;Y
1972-03-08;06:00:00;0.04;Y
1972-03-09;06:00:00;0.09;Y
1972-03-10;06:00:00;0.08;Y
1972-03-11;06:00:00;0.08;Y
1972-03-12;06:00:00;0.08;Y
1972-03-13;06:00:00;0.08;Y
1972-03-14;06:00:00;0.07;Y
1972-03-15;06:00:00;0.05;Y
1972-03-16;06:00:00;0.05;Y
1972-03-17;06:00:00;0.04;Y
1973-01-18;06:00:00;0.00;Y
1973-01-19;06:00:00;0.01;Y
1973-01-20;06:00:00;0.04;Y
1973-01-21;06:00:00;0.04;Y
1973-01-22;06:00:00;0.00;Y
1973-01-23;06:00:00;0.00;Y
1973-01-24;06:00:00;0.00;Y
1973-01-25;06:00:00;0.00;Y
1973-02-09;06:00:00;0.01;Y
1973-02-11;06:00:00;0.03;Y
1973-02-12;06:00:00;0.03;Y
1973-02-13;06:00:00;0.00;Y
1973-02-23;06:00:00;0.06;Y
1973-02-24;06:00:00;0.05;Y
1973-02-25;06:00:00;0.04;Y
1973-02-26;06:00:00;0.04;Y
1973-02-27;06:00:00;0.04;Y
1973-02-28;06:00:00;0.03;Y
1973-04-12;06:00:00;0.03;Y
1973-10-19;06:00:00;0.00;Y
1973-10-20;06:00:00;0.00;Y
1973-10-21;06:00:00;0.00;Y
1973-11-17;06:00:00;0.00;Y
1973-11-18;06:00:00;0.00;Y
1973-11-19;06:00:00;0.00;Y
1973-11-20;06:00:00;0.00;Y
1973-11-25;06:00:00;0.04;Y
1973-11-26;06:00:00;0.04;Y
1973-11-27;06:00:00;0.04;Y
1973-11-29;06:00:00;0.04;Y
1973-11-30;06:00:00;0.05;Y
1973-12-01;06:00:00;0.05;Y
1973-12-02;06:00:00;0.05;Y
1973-12-03;06:00:00;0.04;Y
1973-12-04;06:00:00;0.02;Y
1973-12-05;06:00:00;0.02;Y
1973-12-06;06:00:00;0.04;Y
1973-12-07;06:00:00;0.05;Y
1973-12-08;06:00:00;0.05;Y
1973-12-09;06:00:00;0.15;Y
1973-12-10;06:00:00;0.12;Y
1973-12-11;06:00:00;0.08;Y
1973-12-12;06:00:00;0.06;Y
1973-12-13;06:00:00;0.06;Y
1973-12-14;06:00:00;0.08;Y
1973-12-15;06:00:00;0.12;Y
1973-12-16;06:00:00;0.14;Y
1973-12-17;06:00:00;0.14;Y
1973-12-18;06:00:00;0.15;Y
1973-12-19;06:00:00;0.15;Y
1973-12-20;06:00:00;0.14;Y
1973-12-21;06:00:00;0.13;Y
1973-12-22;06:00:00;0.11;Y
1973-12-23;06:00:00;0.10;Y
1973-12-24;06:00:00;0.08;Y
1973-12-25;06:00:00;0.07;Y
1973-12-26;06:00:00;0.07;Y
1973-12-27;06:00:00;0.06;Y
1973-12-28;06:00:00;0.05;Y
1973-12-29;06:00:00;0.00;Y
1973-12-30;06:00:00;0.00;Y
1973-12-31;06:00:00;0.00;Y
1974-01-01;06:00:00;0.00;Y
1974-01-09;06:00:00;0.00;Y
1974-01-10;06:00:00;0.00;Y
1974-01-11;06:00:00;0.00;Y
1974-01-12;06:00:00;0.00;Y
1974-01-13;06:00:00;0.00;Y
1974-01-14;06:00:00;0.00;Y
1974-01-15;06:00:00;0.00;Y
1974-01-16;06:00:00;0.00;Y
1974-01-17;06:00:00;0.02;Y
1974-01-18;06:00:00;0.01;Y
1974-01-19;06:00:00;0.00;Y
1974-01-20;06:00:00;0.00;Y
1974-01-21;06:00:00;0.00;Y
1974-01-22;06:00:00;0.00;Y
1974-02-07;06:00:00;0.06;Y
1974-02-08;06:00:00;0.12;Y
1974-02-09;06:00:00;0.12;Y
1974-02-10;06:00:00;0.06;Y
1974-02-11;06:00:00;0.03;Y
1974-02-12;06:00:00;0.00;Y
1974-02-13;06:00:00;0.00;Y
1974-02-14;06:00:00;0.00;Y
1974-02-15;06:00:00;0.00;Y
1974-02-16;06:00:00;0.00;Y
1974-02-17;06:00:00;0.00;Y
1974-02-18;06:00:00;0.00;Y
1974-02-19;06:00:00;0.00;Y
1974-02-20;06:00:00;0.00;Y
1974-03-19;06:00:00;0.00;Y
1974-12-13;06:00:00;0.01;Y
1974-12-14;06:00:00;0.01;Y
1974-12-15;06:00:00;0.00;Y
1975-01-01;06:00:00;0.05;Y
1975-01-02;06:00:00;0.04;Y
1975-01-07;06:00:00;0.02;Y
1975-01-08;06:00:00;0.02;Y
1975-01-09;06:00:00;0.02;Y
1975-02-18;06:00:00;0.02;Y
1975-02-19;06:00:00;0.00;Y
1975-03-16;06:00:00;0.05;Y
1975-03-17;06:00:00;0.04;Y
1975-03-18;06:00:00;0.04;Y
1975-03-27;06:00:00;0.05;Y
1975-03-28;06:00:00;0.05;Y
1975-03-29;06:00:00;0.05;Y
1975-03-30;06:00:00;0.13;Y
1975-03-31;06:00:00;0.11;Y
1975-04-01;06:00:00;0.08;Y
1975-04-02;06:00:00;0.05;Y
1975-04-03;06:00:00;0.04;Y
1975-04-04;06:00:00;0.03;Y
1975-04-05;06:00:00;0.10;Y
1975-04-06;06:00:00;0.02;Y
1975-04-07;06:00:00;0.02;Y
1975-04-08;06:00:00;0.00;Y
1975-04-13;06:00:00;0.02;Y
1975-04-14;06:00:00;0.00;Y
1976-01-04;06:00:00;0.01;Y
1976-01-05;06:00:00;0.01;Y
1976-01-06;06:00:00;0.11;Y
1976-01-07;06:00:00;0.11;Y
1976-01-08;06:00:00;0.00;Y
1976-01-11;06:00:00;0.05;Y
1976-01-12;06:00:00;0.07;Y
1976-01-13;06:00:00;0.11;Y
1976-01-14;06:00:00;0.09;Y
1976-01-15;06:00:00;0.09;Y
1976-01-16;06:00:00;0.14;Y
1976-01-17;06:00:00;0.14;Y
1976-01-18;06:00:00;0.12;Y
1976-01-19;06:00:00;0.10;Y
1976-01-20;06:00:00;0.05;Y
1976-01-22;06:00:00;0.02;Y
1976-01-23;06:00:00;0.03;Y
1976-01-24;06:00:00;0.03;Y
1976-01-25;06:00:00;0.03;Y
1976-01-26;06:00:00;0.03;Y
1976-01-27;06:00:00;0.02;Y
1976-01-28;06:00:00;0.02;Y
1976-01-29;06:00:00;0.02;Y
1976-01-30;06:00:00;0.02;Y
1976-01-31;06:00:00;0.02;Y
1976-02-01;06:00:00;0.02;Y
1976-02-02;06:00:00;0.02;Y
1976-02-03;06:00:00;0.02;Y
1976-02-04;06:00:00;0.02;Y
1976-02-05;06:00:00;0.02;Y
1976-02-06;06:00:00;0.02;Y
1976-02-07;06:00:00;0.02;Y
1976-02-08;06:00:00;0.02;Y
1976-02-09;06:00:00;0.02;Y
1976-02-10;06:00:00;0.02;Y
1976-02-11;06:00:00;0.00;Y
1976-02-12;06:00:00;0.00;Y
1976-02-13;06:00:00;0.00;Y
1976-02-14;06:00:00;0.02;Y
1976-02-15;06:00:00;0.02;Y
1976-02-16;06:00:00;0.02;Y
1976-02-17;06:00:00;0.01;Y
1976-02-18;06:00:00;0.00;Y
1976-02-19;06:00:00;0.00;Y
1976-02-20;06:00:00;0.00;Y
1976-02-21;06:00:00;0.01;Y
1976-02-22;06:00:00;0.00;Y
1976-02-23;06:00:00;0.00;Y
1976-02-24;06:00:00;0.00;Y
1976-03-07;06:00:00;0.04;Y
1976-03-08;06:00:00;0.06;Y
1976-03-09;06:00:00;0.09;Y
1976-03-10;06:00:00;0.08;Y
1976-03-11;06:00:00;0.07;Y
1976-03-12;06:00:00;0.07;Y
1976-03-13;06:00:00;0.14;Y
1976-03-14;06:00:00;0.16;Y
1976-03-15;06:00:00;0.16;Y
1976-03-16;06:00:00;0.14;Y
1976-03-17;06:00:00;0.12;Y
1976-03-18;06:00:00;0.12;Y
1976-03-19;06:00:00;0.12;Y
1976-03-20;06:00:00;0.12;Y
1976-03-21;06:00:00;0.13;Y
1976-03-22;06:00:00;0.13;Y
1976-03-23;06:00:00;0.17;Y
1976-03-24;06:00:00;0.17;Y
1976-03-25;06:00:00;0.17;Y
1976-03-26;06:00:00;0.15;Y
1976-03-27;06:00:00;0.11;Y
1976-03-28;06:00:00;0.05;Y
1976-04-27;06:00:00;0.01;Y
1976-04-28;06:00:00;0.00;Y
1976-09-18;06:00:00;0.00;G
1976-11-15;06:00:00;0.00;Y
1976-11-26;06:00:00;0.00;Y
1976-12-03;06:00:00;0.01;Y
1976-12-09;06:00:00;0.00;Y
1976-12-10;06:00:00;0.00;Y
1976-12-11;06:00:00;0.00;Y
1976-12-12;06:00:00;0.02;Y
1976-12-13;06:00:00;0.04;Y
1976-12-14;06:00:00;0.13;Y
1976-12-15;06:00:00;0.15;Y
1976-12-16;06:00:00;0.15;Y
1976-12-17;06:00:00;0.15;Y
1976-12-18;06:00:00;0.14;Y
1976-12-19;06:00:00;0.15;Y
1976-12-20;06:00:00;0.15;Y
1976-12-21;06:00:00;0.15;Y
1976-12-22;06:00:00;0.14;Y
1976-12-23;06:00:00;0.12;Y
1976-12-24;06:00:00;0.13;Y
1976-12-25;06:00:00;0.13;Y
1976-12-26;06:00:00;0.22;Y
1976-12-27;06:00:00;0.22;Y
1976-12-28;06:00:00;0.45;Y
1976-12-29;06:00:00;0.50;Y
1976-12-30;06:00:00;0.51;Y
1976-12-31;06:00:00;0.50;Y
1977-01-01;06:00:00;0.48;Y
1977-01-02;06:00:00;0.45;Y
1977-01-03;06:00:00;0.44;Y
1977-01-04;06:00:00;0.37;Y
1977-01-05;06:00:00;0.31;Y
1977-01-06;06:00:00;0.28;Y
1977-01-07;06:00:00;0.26;Y
1977-01-08;06:00:00;0.25;Y
1977-01-09;06:00:00;0.23;Y
1977-01-10;06:00:00;0.30;Y
1977-01-11;06:00:00;0.33;Y
1977-01-12;06:00:00;0.31;Y
1977-01-13;06:00:00;0.23;Y
1977-01-14;06:00:00;0.21;Y
1977-01-15;06:00:00;0.20;Y
1977-01-16;06:00:00;0.18;Y
1977-01-17;06:00:00;0.18;Y
1977-01-18;06:00:00;0.18;Y
1977-01-19;06:00:00;0.18;Y
1977-01-20;06:00:00;0.18;Y
1977-01-21;06:00:00;0.19;Y
1977-01-22;06:00:00;0.22;Y
1977-01-23;06:00:00;0.29;Y
1977-01-24;06:00:00;0.29;Y
1977-01-25;06:00:00;0.29;Y
1977-01-26;06:00:00;0.29;Y
1977-01-27;06:00:00;0.23;Y
1977-01-28;06:00:00;0.21;Y
1977-01-29;06:00:00;0.21;Y
1977-01-30;06:00:00;0.20;Y
1977-01-31;06:00:00;0.19;Y
1977-02-01;06:00:00;0.19;Y
1977-02-02;06:00:00;0.18;Y
1977-02-03;06:00:00;0.18;Y
1977-02-04;06:00:00;0.17;Y
1977-02-05;06:00:00;0.17;Y
1977-02-06;06:00:00;0.17;Y
1977-02-07;06:00:00;0.17;Y
1977-02-08;06:00:00;0.21;Y
1977-02-09;06:00:00;0.21;Y
1977-02-10;06:00:00;0.21;Y
1977-02-11;06:00:00;0.21;Y
1977-02-12;06:00:00;0.24;Y
1977-02-13;06:00:00;0.24;Y
1977-02-14;06:00:00;0.25;Y
1977-02-15;06:00:00;0.25;Y
1977-02-16;06:00:00;0.24;Y
1977-02-17;06:00:00;0.24;Y
1977-02-18;06:00:00;0.23;Y
1977-02-19;06:00:00;0.24;Y
1977-02-20;06:00:00;0.26;Y
1977-02-21;06:00:00;0.25;Y
1977-02-22;06:00:00;0.23;Y
1977-02-23;06:00:00;0.23;Y
1977-02-24;06:00:00;0.30;Y
1977-02-25;06:00:00;0.35;Y
1977-02-26;06:00:00;0.37;Y
1977-02-27;06:00:00;0.36;Y
1977-02-28;06:00:00;0.35;Y
1977-03-01;06:00:00;0.33;Y
1977-03-02;06:00:00;0.32;Y
1977-03-03;06:00:00;0.32;Y
1977-03-04;06:00:00;0.35;Y
1977-03-05;06:00:00;0.28;Y
1977-03-06;06:00:00;0.25;Y
1977-03-07;06:00:00;0.24;Y
1977-03-08;06:00:00;0.21;Y
1977-03-09;06:00:00;0.20;Y
1977-03-10;06:00:00;0.18;Y
1977-03-11;06:00:00;0.16;Y
1977-03-12;06:00:00;0.08;Y
1977-03-13;06:00:00;0.07;Y
1977-03-14;06:00:00;0.00;Y
1977-03-15;06:00:00;0.00;Y
1977-03-16;06:00:00;0.00;Y
1977-03-17;06:00:00;0.00;Y
1977-03-18;06:00:00;0.00;Y
1977-03-19;06:00:00;0.00;Y
1977-03-20;06:00:00;0.00;Y
1977-03-21;06:00:00;0.00;Y
1977-03-22;06:00:00;0.00;Y
1977-03-23;06:00:00;0.00;Y
1977-03-24;06:00:00;0.00;Y
1977-03-25;06:00:00;0.00;Y
1977-03-26;06:00:00;0.00;G
1977-03-27;06:00:00;0.05;Y
1977-03-28;06:00:00;0.10;Y
1977-03-29;06:00:00;0.10;Y
1977-03-30;06:00:00;0.09;Y
1977-03-31;06:00:00;0.03;Y
1977-04-01;06:00:00;0.03;Y
1977-04-02;06:00:00;0.02;Y
1977-04-03;06:00:00;0.00;Y
1977-04-07;06:00:00;0.00;Y
1977-04-11;06:00:00;0.08;Y
1977-04-12;06:00:00;0.03;Y
1977-04-13;06:00:00;0.00;Y
1977-04-14;06:00:00;0.00;Y
1977-04-15;06:00:00;0.00;Y
1977-06-28;06:00:00;0.00;G
1977-09-22;06:00:00;0.00;G
1977-11-20;06:00:00;0.02;Y
1977-12-07;06:00:00;0.02;Y
1977-12-08;06:00:00;0.01;Y
1977-12-09;06:00:00;0.00;Y
1977-12-10;06:00:00;0.00;Y
1977-12-11;06:00:00;0.00;Y
1977-12-28;06:00:00;0.02;Y
1977-12-29;06:00:00;0.06;Y
1977-12-30;06:00:00;0.06;Y
1978-01-01;06:00:00;0.06;Y
1978-01-02;06:00:00;0.06;Y
1978-01-03;06:00:00;0.06;Y
1978-01-04;06:00:00;0.10;Y
1978-01-05;06:00:00;0.10;Y
1978-01-06;06:00:00;0.12;Y
1978-01-07;06:00:00;0.08;Y
1978-01-08;06:00:00;0.05;Y
1978-01-09;06:00:00;0.04;Y
1978-01-10;06:00:00;0.03;Y
1978-01-11;06:00:00;0.04;Y
1978-01-12;06:00:00;0.05;Y
1978-01-13;06:00:00;0.05;Y
1978-01-14;06:00:00;0.05;Y
1978-01-15;06:00:00;0.05;Y
1978-01-16;06:00:00;0.04;Y
1978-01-17;06:00:00;0.04;Y
1978-01-18;06:00:00;0.03;Y
1978-01-19;06:00:00;0.02;Y
1978-01-20;06:00:00;0.02;Y
1978-01-21;06:00:00;0.02;Y
1978-01-22;06:00:00;0.02;Y
1978-01-23;06:00:00;0.02;Y
1978-01-24;06:00:00;0.02;Y
1978-01-25;06:00:00;0.04;Y
1978-01-26;06:00:00;0.05;Y
1978-01-27;06:00:00;0.06;Y
1978-01-28;06:00:00;0.06;Y
1978-01-29;06:00:00;0.05;Y
1978-01-30;06:00:00;0.04;Y
1978-01-31;06:00:00;0.00;Y
1978-02-01;06:00:00;0.05;Y
1978-02-02;06:00:00;0.05;Y
1978-02-03;06:00:00;0.08;Y
1978-02-04;06:00:00;0.11;Y
1978-02-05;06:00:00;0.12;Y
1978-02-06;06:00:00;0.12;Y
1978-02-07;06:00:00;0.14;Y
1978-02-08;06:00:00;0.15;Y
1978-02-09;06:00:00;0.15;Y
1978-02-10;06:00:00;0.19;Y
1978-02-11;06:00:00;0.32;Y
1978-02-12;06:00:00;0.34;Y
1978-02-13;06:00:00;0.35;Y
1978-02-14;06:00:00;0.42;Y
1978-02-15;06:00:00;0.44;Y
1978-02-16;06:00:00;0.44;Y
1978-02-17;06:00:00;0.44;Y
1978-02-18;06:00:00;0.44;Y
1978-02-19;06:00:00;0.44;Y
1978-02-20;06:00:00;0.44;Y
1978-02-21;06:00:00;0.40;Y
1978-02-22;06:00:00;0.43;Y
1978-02-23;06:00:00;0.51;Y
1978-02-24;06:00:00;0.51;Y
1978-02-25;06:00:00;0.46;Y
1978-02-26;06:00:00;0.40;Y
1978-02-27;06:00:00;0.32;Y
1978-02-28;06:00:00;0.28;Y
1978-03-01;06:00:00;0.26;Y
1978-03-02;06:00:00;0.22;Y
1978-03-03;06:00:00;0.16;Y
1978-03-04;06:00:00;0.12;Y
1978-03-05;06:00:00;0.09;Y
1978-03-06;06:00:00;0.08;Y
1978-03-07;06:00:00;0.07;Y
1978-03-08;06:00:00;0.06;Y
1978-03-09;06:00:00;0.06;Y
1978-03-10;06:00:00;0.05;Y
1978-03-11;06:00:00;0.04;Y
1978-03-12;06:00:00;0.04;Y
1978-03-13;06:00:00;0.03;Y
1978-03-14;06:00:00;0.03;Y
1978-03-15;06:00:00;0.04;Y
1978-03-16;06:00:00;0.08;Y
1978-03-17;06:00:00;0.11;Y
1978-03-18;06:00:00;0.11;Y
1978-03-19;06:00:00;0.11;Y
1978-03-20;06:00:00;0.12;Y
1978-03-21;06:00:00;0.12;Y
1978-03-22;06:00:00;0.12;Y
1978-03-23;06:00:00;0.12;Y
1978-03-24;06:00:00;0.13;Y
1978-03-25;06:00:00;0.11;Y
1978-03-26;06:00:00;0.07;Y
1978-03-27;06:00:00;0.06;Y
1978-03-28;06:00:00;0.00;Y
1978-03-29;06:00:00;0.00;Y
1978-03-30;06:00:00;0.00;Y
1978-03-31;06:00:00;0.00;Y
1978-04-01;06:00:00;0.00;Y
1978-05-26;06:00:00;0.00;G
1978-11-27;06:00:00;0.02;Y
1978-11-28;06:00:00;0.02;Y
1978-11-29;06:00:00;0.02;Y
1978-11-30;06:00:00;0.06;Y
1978-12-01;06:00:00;0.07;Y
1978-12-02;06:00:00;0.04;Y
1978-12-03;06:00:00;0.03;Y
1978-12-04;06:00:00;0.03;Y
1978-12-05;06:00:00;0.03;Y
1978-12-06;06:00:00;0.03;Y
1978-12-07;06:00:00;0.03;Y
1978-12-08;06:00:00;0.03;Y
1978-12-09;06:00:00;0.03;Y
1978-12-10;06:00:00;0.03;Y
1978-12-11;06:00:00;0.03;Y
1978-12-12;06:00:00;0.03;Y
1978-12-13;06:00:00;0.03;Y
1978-12-14;06:00:00;0.04;Y
1978-12-15;06:00:00;0.05;Y
1978-12-16;06:00:00;0.10;Y
1978-12-17;06:00:00;0.12;Y
1978-12-18;06:00:00;0.12;Y
1978-12-19;06:00:00;0.12;Y
1978-12-20;06:00:00;0.10;Y
1978-12-21;06:00:00;0.10;Y
1978-12-22;06:00:00;0.10;Y
1978-12-23;06:00:00;0.10;Y
1978-12-24;06:00:00;0.13;Y
1978-12-25;06:00:00;0.18;Y
1978-12-26;06:00:00;0.22;Y
1978-12-27;06:00:00;0.24;Y
1978-12-28;06:00:00;0.25;Y
1978-12-29;06:00:00;0.25;Y
1978-12-30;06:00:00;0.30;Y
1978-12-31;06:00:00;0.33;Y
1979-01-17;06:00:00;0.47;G
1979-01-18;06:00:00;0.45;G
1979-01-19;06:00:00;0.46;G
1979-01-20;06:00:00;0.46;G
1979-01-21;06:00:00;0.44;G
1979-01-22;06:00:00;0.44;G
1979-01-23;06:00:00;0.43;G
1979-01-24;06:00:00;0.43;G
1979-01-25;06:00:00;0.55;G
1979-01-26;06:00:00;0.56;G
1979-01-27;06:00:00;0.56;G
1979-01-28;06:00:00;0.56;G
1979-01-29;06:00:00;0.53;G
1979-01-30;06:00:00;0.52;G
1979-01-31;06:00:00;0.53;G
1979-02-01;06:00:00;0.75;Y
1979-02-02;06:00:00;0.75;Y
1979-02-03;06:00:00;0.72;Y
1979-02-04;06:00:00;0.70;Y
1979-02-05;06:00:00;0.70;Y
1979-02-06;06:00:00;0.70;Y
1979-02-07;06:00:00;0.70;Y
1979-02-08;06:00:00;0.69;G
1979-02-09;06:00:00;0.71;Y
1979-02-10;06:00:00;0.71;Y
1979-02-11;06:00:00;0.68;Y
1979-02-12;06:00:00;0.64;Y
1979-02-13;06:00:00;0.61;Y
1979-02-14;06:00:00;0.62;Y
1979-02-15;06:00:00;0.75;Y
1979-02-16;06:00:00;0.76;Y
1979-02-17;06:00:00;0.73;Y
1979-02-18;06:00:00;0.71;Y
1979-02-19;06:00:00;0.71;Y
1979-02-20;06:00:00;0.70;Y
1979-02-21;06:00:00;0.68;Y
1979-02-22;06:00:00;0.60;Y
1979-02-23;06:00:00;0.59;Y
1979-02-24;06:00:00;0.59;Y
1979-02-25;06:00:00;0.58;Y
1979-02-26;06:00:00;0.57;Y
1979-02-27;06:00:00;0.55;Y
1979-02-28;06:00:00;0.53;Y
1979-03-01;06:00:00;0.52;Y
1979-03-02;06:00:00;0.51;Y
1979-03-03;06:00:00;0.49;Y
1979-03-04;06:00:00;0.35;Y
1979-03-05;06:00:00;0.42;Y
1979-03-06;06:00:00;0.37;Y
1979-03-07;06:00:00;0.30;Y
1979-03-08;06:00:00;0.26;Y
1979-03-09;06:00:00;0.25;Y
1979-03-10;06:00:00;0.26;Y
1979-03-11;06:00:00;0.24;Y
1979-03-12;06:00:00;0.24;Y
1979-03-13;06:00:00;0.38;Y
1979-03-14;06:00:00;0.41;Y
1979-03-15;06:00:00;0.42;Y
1979-03-16;06:00:00;0.42;Y
1979-03-17;06:00:00;0.43;Y
1979-03-18;06:00:00;0.45;Y
1979-03-19;06:00:00;0.44;Y
1979-03-20;06:00:00;0.41;Y
1979-03-21;06:00:00;0.40;Y
1979-03-22;06:00:00;0.37;Y
1979-03-23;06:00:00;0.35;Y
1979-03-24;06:00:00;0.34;Y
1979-03-25;06:00:00;0.33;Y
1979-03-26;06:00:00;0.30;Y
1979-03-27;06:00:00;0.27;Y
1979-03-28;06:00:00;0.21;Y
1979-03-29;06:00:00;0.20;Y
1979-03-30;06:00:00;0.17;Y
1979-03-31;06:00:00;0.22;Y
1979-04-01;06:00:00;0.28;Y
1979-04-02;06:00:00;0.24;Y
1979-04-03;06:00:00;0.26;Y
1979-04-04;06:00:00;0.25;Y
1979-04-05;06:00:00;0.21;Y
1979-04-06;06:00:00;0.18;Y
1979-04-07;06:00:00;0.15;Y
1979-04-08;06:00:00;0.10;Y
1979-04-09;06:00:00;0.06;Y
1979-04-10;06:00:00;0.05;Y
1979-04-11;06:00:00;0.02;Y
1979-04-12;06:00:00;0.00;Y
1979-04-13;06:00:00;0.00;Y
1979-12-11;06:00:00;0.08;Y
1979-12-12;06:00:00;0.09;Y
1979-12-13;06:00:00;0.09;Y
1979-12-14;06:00:00;0.11;Y
1979-12-15;06:00:00;0.12;Y
1979-12-16;06:00:00;0.16;Y
1979-12-17;06:00:00;0.16;Y
1979-12-18;06:00:00;0.14;Y
1979-12-19;06:00:00;0.14;Y
1979-12-20;06:00:00;0.14;Y
1979-12-21;06:00:00;0.15;Y
1979-12-22;06:00:00;0.15;Y
1979-12-23;06:00:00;0.11;Y
1979-12-24;06:00:00;0.03;Y
1979-12-25;06:00:00;0.02;Y
1979-12-26;06:00:00;0.02;Y
1979-12-27;06:00:00;0.00;Y
1979-12-28;06:00:00;0.00;Y
1979-12-31;06:00:00;0.12;Y
1980-01-01;06:00:00;0.28;Y
1980-01-02;06:00:00;0.27;Y
1980-01-03;06:00:00;0.24;Y
1980-01-04;06:00:00;0.24;Y
1980-01-05;06:00:00;0.20;Y
1980-01-06;06:00:00;0.19;Y
1980-01-07;06:00:00;0.19;Y
1980-01-08;06:00:00;0.18;Y
1980-01-09;06:00:00;0.18;Y
1980-01-10;06:00:00;0.18;Y
1980-01-11;06:00:00;0.16;Y
1980-01-12;06:00:00;0.16;Y
1980-01-13;06:00:00;0.15;Y
1980-01-14;06:00:00;0.14;Y
1980-01-15;06:00:00;0.12;Y
1980-01-16;06:00:00;0.12;Y
1980-01-17;06:00:00;0.10;Y
1980-01-18;06:00:00;0.10;Y
1980-01-19;06:00:00;0.10;Y
1980-01-20;06:00:00;0.10;Y
1980-01-21;06:00:00;0.09;Y
1980-01-22;06:00:00;0.09;Y
1980-01-23;06:00:00;0.11;Y
1980-01-24;06:00:00;0.14;Y
1980-01-25;06:00:00;0.19;Y
1980-01-26;06:00:00;0.19;Y
1980-01-27;06:00:00;0.19;Y
1980-01-28;06:00:00;0.19;Y
1980-01-29;06:00:00;0.22;Y
1980-01-30;06:00:00;0.23;Y
1980-01-31;06:00:00;0.31;Y
1980-02-01;06:00:00;0.40;Y
1980-02-02;06:00:00;0.38;Y
1980-02-03;06:00:00;0.40;Y
1980-02-04;06:00:00;0.38;Y
1980-02-05;06:00:00;0.38;Y
1980-02-06;06:00:00;0.36;Y
1980-02-07;06:00:00;0.36;Y
1980-02-08;06:00:00;0.35;Y
1980-02-09;06:00:00;0.36;Y
1980-02-10;06:00:00;0.37;Y
1980-02-11;06:00:00;0.44;Y
1980-02-12;06:00:00;0.44;Y
1980-02-13;06:00:00;0.43;Y
1980-02-14;06:00:00;0.41;Y
1980-02-15;06:00:00;0.39;Y
1980-02-16;06:00:00;0.36;Y
1980-02-17;06:00:00;0.34;Y
1980-02-18;06:00:00;0.32;Y
1980-02-19;06:00:00;0.32;Y
1980-02-20;06:00:00;0.31;Y
1980-02-21;06:00:00;0.31;Y
1980-02-22;06:00:00;0.31;Y
1980-02-23;06:00:00;0.31;Y
1980-02-24;06:00:00;0.31;Y
1980-02-25;06:00:00;0.31;Y
1980-02-26;06:00:00;0.31;Y
1980-02-27;06:00:00;0.31;Y
1980-02-28;06:00:00;0.31;Y
1980-02-29;06:00:00;0.31;Y
1980-03-01;06:00:00;0.29;Y
1980-03-02;06:00:00;0.29;Y
1980-03-03;06:00:00;0.28;Y
1980-03-04;06:00:00;0.28;Y
1980-03-05;06:00:00;0.28;Y
1980-03-06;06:00:00;0.28;Y
1980-03-07;06:00:00;0.27;Y
1980-03-08;06:00:00;0.27;Y
1980-03-09;06:00:00;0.29;Y
1980-03-10;06:00:00;0.30;Y
1980-03-11;06:00:00;0.30;Y
1980-03-12;06:00:00;0.30;Y
1980-03-13;06:00:00;0.30;Y
1980-03-14;06:00:00;0.30;Y
1980-03-15;06:00:00;0.29;Y
1980-03-16;06:00:00;0.29;Y
1980-03-17;06:00:00;0.28;Y
1980-03-18;06:00:00;0.31;Y
1980-03-19;06:00:00;0.32;Y
1980-03-20;06:00:00;0.34;Y
1980-03-21;06:00:00;0.33;Y
1980-03-22;06:00:00;0.33;Y
1980-03-23;06:00:00;0.32;Y
1980-03-24;06:00:00;0.31;Y
1980-03-25;06:00:00;0.30;Y
1980-03-26;06:00:00;0.30;Y
1980-03-27;06:00:00;0.30;Y
1980-03-28;06:00:00;0.30;Y
1980-03-29;06:00:00;0.27;Y
1980-03-30;06:00:00;0.24;Y
1980-03-31;06:00:00;0.22;Y
1980-04-01;06:00:00;0.20;Y
1980-04-02;06:00:00;0.12;Y
1980-04-03;06:00:00;0.11;Y
1980-04-04;06:00:00;0.08;Y
1980-04-05;06:00:00;0.08;Y
1980-04-06;06:00:00;0.06;Y
1980-04-07;06:00:00;0.00;Y
1980-04-08;06:00:00;0.00;Y
1980-11-28;06:00:00;0.02;Y
1980-11-29;06:00:00;0.02;Y
1980-11-30;06:00:00;0.03;Y
1980-12-01;06:00:00;0.02;Y
1980-12-04;06:00:00;0.05;Y
1980-12-05;06:00:00;0.05;Y
1980-12-06;06:00:00;0.05;Y
1980-12-07;06:00:00;0.05;Y
1980-12-08;06:00:00;0.04;Y
1980-12-20;06:00:00;0.01;Y
1980-12-21;06:00:00;0.04;Y
1980-12-22;06:00:00;0.00;Y
1980-12-23;06:00:00;0.01;Y
1980-12-26;06:00:00;0.01;Y
1980-12-27;06:00:00;0.01;Y
1980-12-28;06:00:00;0.01;Y
1981-01-04;06:00:00;0.02;Y
1981-01-05;06:00:00;0.02;Y
1981-01-06;06:00:00;0.02;Y
1981-01-07;06:00:00;0.02;Y
1981-01-08;06:00:00;0.02;Y
1981-01-09;06:00:00;0.01;Y
1981-01-15;06:00:00;0.04;Y
1981-01-16;06:00:00;0.04;Y
1981-01-17;06:00:00;0.04;Y
1981-01-18;06:00:00;0.05;Y
1981-01-19;06:00:00;0.12;Y
1981-01-20;06:00:00;0.12;Y
1981-01-21;06:00:00;0.11;Y
1981-01-22;06:00:00;0.10;Y
1981-01-23;06:00:00;0.10;Y
1981-01-24;06:00:00;0.05;Y
1981-01-25;06:00:00;0.00;Y
1981-01-26;06:00:00;0.01;Y
1981-01-27;06:00:00;0.01;Y
1981-02-04;06:00:00;0.06;Y
1981-02-06;06:00:00;0.06;Y
1981-02-07;06:00:00;0.05;Y
1981-02-08;06:00:00;0.06;Y
1981-02-09;06:00:00;0.00;Y
1981-02-10;06:00:00;0.00;Y
1981-02-11;06:00:00;0.17;Y
1981-02-12;06:00:00;0.31;Y
1981-02-13;06:00:00;0.30;Y
1981-02-14;06:00:00;0.31;Y
1981-02-15;06:00:00;0.28;Y
1981-02-16;06:00:00;0.26;Y
1981-02-17;06:00:00;0.24;Y
1981-02-18;06:00:00;0.27;Y
1981-02-19;06:00:00;0.30;Y
1981-02-20;06:00:00;0.36;Y
1981-02-21;06:00:00;0.35;Y
1981-02-22;06:00:00;0.34;Y
1981-02-23;06:00:00;0.32;Y
1981-02-24;06:00:00;0.32;Y
1981-02-25;06:00:00;0.32;Y
1981-02-26;06:00:00;0.30;Y
1981-02-27;06:00:00;0.30;Y
1981-02-28;06:00:00;0.29;Y
1981-03-01;06:00:00;0.28;G
1981-03-02;06:00:00;0.28;Y
1981-03-03;06:00:00;0.28;Y
1981-03-04;06:00:00;0.28;Y
1981-03-05;06:00:00;0.28;Y
1981-03-06;06:00:00;0.47;Y
1981-03-07;06:00:00;0.48;Y
1981-03-08;06:00:00;0.37;Y
1981-03-09;06:00:00;0.22;Y
1981-03-10;06:00:00;0.17;Y
1981-03-11;06:00:00;0.16;Y
1981-03-12;06:00:00;0.19;G
1981-03-13;06:00:00;0.16;Y
1981-03-14;06:00:00;0.17;Y
1981-03-15;06:00:00;0.17;Y
1981-03-16;06:00:00;0.17;Y
1981-03-17;06:00:00;0.17;Y
1981-03-18;06:00:00;0.17;Y
1981-03-19;06:00:00;0.18;Y
1981-03-20;06:00:00;0.17;Y
1981-03-21;06:00:00;0.10;Y
1981-03-22;06:00:00;0.02;Y
1981-03-23;06:00:00;0.00;Y
1981-04-23;06:00:00;0.01;Y
1981-11-14;06:00:00;0.01;Y
1981-11-25;06:00:00;0.01;Y
1981-11-26;06:00:00;0.01;Y
1981-11-27;06:00:00;0.01;Y
1981-12-01;06:00:00;0.02;Y
1981-12-02;06:00:00;0.02;Y
1981-12-03;06:00:00;0.02;Y
1981-12-07;06:00:00;0.15;Y
1981-12-08;06:00:00;0.19;Y
1981-12-09;06:00:00;0.19;Y
1981-12-10;06:00:00;0.19;Y
1981-12-11;06:00:00;0.31;Y
1981-12-12;06:00:00;0.31;Y
1981-12-13;06:00:00;0.34;Y
1981-12-14;06:00:00;0.34;Y
1981-12-15;06:00:00;0.34;Y
1981-12-16;06:00:00;0.34;Y
1981-12-17;06:00:00;0.27;Y
1981-12-18;06:00:00;0.27;Y
1981-12-19;06:00:00;0.25;Y
1981-12-20;06:00:00;0.28;Y
1981-12-21;06:00:00;0.30;Y
1981-12-22;06:00:00;0.35;Y
1981-12-23;06:00:00;0.35;Y
1981-12-24;06:00:00;0.36;Y
1981-12-25;06:00:00;0.43;Y
1981-12-26;06:00:00;0.46;Y
1981-12-27;06:00:00;0.44;Y
1981-12-28;06:00:00;0.44;Y
1981-12-29;06:00:00;0.44;Y
1981-12-30;06:00:00;0.41;Y
1981-12-31;06:00:00;0.39;Y
1982-01-01;06:00:00;0.37;G
1982-01-02;06:00:00;0.38;G
1982-01-03;06:00:00;0.39;G
1982-01-04;06:00:00;0.44;G
1982-01-05;06:00:00;0.42;G
1982-01-06;06:00:00;0.47;G
1982-01-07;06:00:00;0.52;G
1982-01-08;06:00:00;0.52;G
1982-01-09;06:00:00;0.50;G
1982-01-10;06:00:00;0.50;G
1982-01-11;06:00:00;0.45;G
1982-01-12;06:00:00;0.45;G
1982-01-13;06:00:00;0.43;G
1982-01-14;06:00:00;0.42;G
1982-01-15;06:00:00;0.40;G
1982-01-16;06:00:00;0.38;G
1982-01-17;06:00:00;0.37;G
1982-01-18;06:00:00;0.37;G
1982-01-19;06:00:00;0.37;G
1982-01-20;06:00:00;0.37;G
1982-01-21;06:00:00;0.37;G
1982-01-22;06:00:00;0.37;G
1982-01-23;06:00:00;0.36;G
1982-01-24;06:00:00;0.36;G
1982-01-25;06:00:00;0.36;G
1982-01-26;06:00:00;0.35;G
1982-01-27;06:00:00;0.37;G
1982-01-28;06:00:00;0.37;G
1982-01-29;06:00:00;0.39;G
1982-01-30;06:00:00;0.37;G
1982-01-31;06:00:00;0.39;G
1982-02-01;06:00:00;0.39;G
1982-02-02;06:00:00;0.38;G
1982-02-03;06:00:00;0.38;G
1982-02-04;06:00:00;0.38;G
1982-02-05;06:00:00;0.38;G
1982-02-06;06:00:00;0.37;G
1982-02-07;06:00:00;0.36;Y
1982-02-08;06:00:00;0.36;G
1982-02-09;06:00:00;0.36;Y
1982-02-10;06:00:00;0.35;G
1982-02-11;06:00:00;0.33;G
1982-02-12;06:00:00;0.32;G
1982-02-13;06:00:00;0.31;G
1982-02-14;06:00:00;0.31;G
1982-02-15;06:00:00;0.31;Y
1982-02-16;06:00:00;0.31;G
1982-02-17;06:00:00;0.31;G
1982-02-18;06:00:00;0.31;G
1982-02-19;06:00:00;0.31;G
1982-02-20;06:00:00;0.31;G
1982-02-21;06:00:00;0.31;G
1982-02-22;06:00:00;0.28;G
1982-02-23;06:00:00;0.28;G
1982-02-24;06:00:00;0.25;G
1982-02-25;06:00:00;0.25;G
1982-02-26;06:00:00;0.25;G
1982-02-27;06:00:00;0.25;G
1982-02-28;06:00:00;0.25;G
1982-03-01;06:00:00;0.26;G
1982-03-02;06:00:00;0.22;G
1982-03-03;06:00:00;0.22;G
1982-03-04;06:00:00;0.18;G
1982-03-05;06:00:00;0.20;G
1982-03-06;06:00:00;0.18;G
1982-03-07;06:00:00;0.18;G
1982-03-08;06:00:00;0.17;G
1982-03-09;06:00:00;0.16;G
1982-03-10;06:00:00;0.16;G
1982-03-11;06:00:00;0.12;G
1982-03-12;06:00:00;0.10;G
1982-03-13;06:00:00;0.11;G
1982-03-14;06:00:00;0.10;G
1982-03-15;06:00:00;0.08;G
1982-03-16;06:00:00;0.07;G
1982-03-17;06:00:00;0.03;G
1982-03-18;06:00:00;0.04;G
1982-03-19;06:00:00;0.00;G
1982-03-20;06:00:00;0.02;G
1982-03-21;06:00:00;0.02;G
1982-03-22;06:00:00;0.00;G
1982-03-23;06:00:00;0.00;G
1982-03-24;06:00:00;0.00;G
1982-03-25;06:00:00;0.00;G
1982-03-26;06:00:00;0.00;G
1982-03-27;06:00:00;0.00;G
1982-03-30;06:00:00;0.00;G
1982-04-09;06:00:00;0.02;G
1982-04-15;06:00:00;0.00;G
1982-04-30;06:00:00;0.00;G
1982-05-15;06:00:00;0.00;G
1982-05-30;06:00:00;0.00;G
1982-05-31;06:00:00;0.00;G
1982-06-01;06:00:00;0.00;G
1982-06-02;06:00:00;0.00;G
1982-06-03;06:00:00;0.00;G
1982-06-04;06:00:00;0.00;G
1982-06-05;06:00:00;0.00;G
1982-06-06;06:00:00;0.00;G
1982-06-07;06:00:00;0.00;G
1982-06-08;06:00:00;0.00;G
1982-06-09;06:00:00;0.00;G
1982-06-10;06:00:00;0.00;G
1982-06-11;06:00:00;0.00;G
1982-06-12;06:00:00;0.00;G
1982-06-13;06:00:00;0.00;G
1982-06-14;06:00:00;0.00;G
1982-06-15;06:00:00;0.00;G
1982-06-30;06:00:00;0.00;G
1982-07-08;06:00:00;0.00;G
1982-07-09;06:00:00;0.00;G
1982-07-13;06:00:00;0.00;G
1982-07-14;06:00:00;0.00;G
1982-07-15;06:00:00;0.00;G
1982-07-16;06:00:00;0.00;G
1982-07-17;06:00:00;0.00;G
1982-07-19;06:00:00;0.00;G
1982-07-23;06:00:00;0.00;G
1982-07-24;06:00:00;0.00;G
1982-07-25;06:00:00;0.00;G
1982-07-28;06:00:00;0.00;G
1982-07-29;06:00:00;0.00;G
1982-07-30;06:00:00;0.00;G
1982-07-31;06:00:00;0.00;G
1982-08-01;06:00:00;0.00;G
1982-08-02;06:00:00;0.00;G
1982-08-03;06:00:00;0.00;G
1982-08-04;06:00:00;0.00;G
1982-08-05;06:00:00;0.00;G
1982-08-06;06:00:00;0.00;G
1982-08-07;06:00:00;0.00;G
1982-08-08;06:00:00;0.00;G
1982-08-09;06:00:00;0.00;G
1982-08-10;06:00:00;0.00;G
1982-08-11;06:00:00;0.00;G
1982-08-12;06:00:00;0.00;G
1982-08-13;06:00:00;0.00;G
1982-08-14;06:00:00;0.00;G
1982-08-15;06:00:00;0.00;G
1982-08-16;06:00:00;0.00;G
1982-08-17;06:00:00;0.00;G
1982-08-18;06:00:00;0.00;G
1982-08-19;06:00:00;0.00;G
1982-08-20;06:00:00;0.00;G
1982-08-21;06:00:00;0.00;G
1982-08-22;06:00:00;0.00;G
1982-08-23;06:00:00;0.00;G
1982-08-24;06:00:00;0.00;G
1982-08-25;06:00:00;0.00;G
1982-08-26;06:00:00;0.00;G
1982-08-27;06:00:00;0.00;G
1982-08-28;06:00:00;0.00;G
1982-08-29;06:00:00;0.00;G
1982-08-30;06:00:00;0.00;G
1982-08-31;06:00:00;0.00;G
1982-09-01;06:00:00;0.00;G
1982-09-02;06:00:00;0.00;G
1982-09-03;06:00:00;0.00;G
1982-09-04;06:00:00;0.00;G
1982-09-05;06:00:00;0.00;G
1982-09-06;06:00:00;0.00;G
1982-09-07;06:00:00;0.00;G
1982-09-08;06:00:00;0.00;G
1982-09-09;06:00:00;0.00;G
1982-09-10;06:00:00;0.00;G
1982-09-11;06:00:00;0.00;G
1982-09-12;06:00:00;0.00;G
1982-09-13;06:00:00;0.00;G
1982-09-14;06:00:00;0.00;G
1982-09-15;06:00:00;0.00;G
1982-09-16;06:00:00;0.00;G
1982-09-17;06:00:00;0.00;G
1982-09-18;06:00:00;0.00;G
1982-09-19;06:00:00;0.00;G
1982-09-20;06:00:00;0.00;G
1982-09-21;06:00:00;0.00;G
1982-09-22;06:00:00;0.00;G
1982-09-23;06:00:00;0.00;G
1982-09-24;06:00:00;0.00;G
1982-09-26;06:00:00;0.00;G
1982-09-27;06:00:00;0.00;G
1982-09-28;06:00:00;0.00;G
1982-09-29;06:00:00;0.00;G
1982-09-30;06:00:00;0.00;G
1982-10-01;06:00:00;0.00;G
1982-10-02;06:00:00;0.00;G
1982-10-03;06:00:00;0.00;G
1982-10-04;06:00:00;0.00;G
1982-10-05;06:00:00;0.00;G
1982-10-06;06:00:00;0.00;G
1982-10-07;06:00:00;0.00;G
1982-10-09;06:00:00;0.00;G
1982-10-10;06:00:00;0.00;G
1982-10-11;06:00:00;0.00;G
1982-10-12;06:00:00;0.00;G
1982-10-13;06:00:00;0.00;G
1982-10-14;06:00:00;0.00;G
1982-10-15;06:00:00;0.00;G
1982-10-16;06:00:00;0.00;G
1982-10-17;06:00:00;0.00;G
1982-10-18;06:00:00;0.00;G
1982-10-19;06:00:00;0.00;G
1982-10-20;06:00:00;0.00;G
1982-10-21;06:00:00;0.00;G
1982-10-22;06:00:00;0.00;G
1982-10-23;06:00:00;0.00;G
1982-10-24;06:00:00;0.00;G
1982-10-25;06:00:00;0.00;G
1982-10-26;06:00:00;0.00;G
1982-10-27;06:00:00;0.00;G
1982-10-28;06:00:00;0.00;G
1982-10-29;06:00:00;0.00;G
1982-10-30;06:00:00;0.00;G
1982-10-31;06:00:00;0.00;G
1982-11-01;06:00:00;0.00;G
1982-11-02;06:00:00;0.00;G
1982-11-03;06:00:00;0.00;G
1982-11-04;06:00:00;0.00;G
1982-11-05;06:00:00;0.00;G
1982-11-06;06:00:00;0.00;G
1982-11-07;06:00:00;0.00;G
1982-11-08;06:00:00;0.00;G
1982-11-09;06:00:00;0.00;G
1982-11-10;06:00:00;0.00;G
1982-11-11;06:00:00;0.00;G
1982-11-12;06:00:00;0.00;G
1982-11-13;06:00:00;0.00;G
1982-11-14;06:00:00;0.00;G
1982-11-15;06:00:00;0.00;G
1982-11-16;06:00:00;0.00;G
1982-11-17;06:00:00;0.00;G
1982-11-18;06:00:00;0.00;G
1982-11-19;06:00:00;0.00;G
1982-11-20;06:00:00;0.00;G
1982-11-21;06:00:00;0.00;G
1982-11-22;06:00:00;0.00;G
1982-11-23;06:00:00;0.00;G
1982-11-24;06:00:00;0.00;G
1982-11-25;06:00:00;0.00;G
1982-11-26;06:00:00;0.00;G
1982-11-27;06:00:00;0.00;G
1982-11-28;06:00:00;0.00;G
1982-11-29;06:00:00;0.00;G
1982-11-30;06:00:00;0.00;G
1982-12-01;06:00:00;0.00;G
1982-12-02;06:00:00;0.00;G
1982-12-03;06:00:00;0.00;G
1982-12-04;06:00:00;0.00;G
1982-12-05;06:00:00;0.00;G
1982-12-06;06:00:00;0.00;G
1982-12-07;06:00:00;0.00;G
1982-12-08;06:00:00;0.00;G
1982-12-09;06:00:00;0.01;G
1982-12-10;06:00:00;0.00;G
1982-12-11;06:00:00;0.00;G
1982-12-12;06:00:00;0.00;G
1982-12-13;06:00:00;0.01;G
1982-12-14;06:00:00;0.01;G
1982-12-15;06:00:00;0.01;G
1982-12-16;06:00:00;0.02;G
1982-12-17;06:00:00;0.01;G
1982-12-18;06:00:00;0.00;G
1982-12-19;06:00:00;0.01;G
1982-12-20;06:00:00;0.02;G
1982-12-21;06:00:00;0.01;G
1982-12-22;06:00:00;0.00;G
1982-12-23;06:00:00;0.00;G
1982-12-24;06:00:00;0.00;G
1982-12-25;06:00:00;0.01;G
1982-12-26;06:00:00;0.00;G
1982-12-27;06:00:00;0.00;G
1982-12-28;06:00:00;0.00;G
1982-12-29;06:00:00;0.00;G
1982-12-30;06:00:00;0.00;G
1982-12-31;06:00:00;0.00;G
1983-01-01;06:00:00;0.00;G
1983-01-02;06:00:00;0.00;G
1983-01-03;06:00:00;0.00;G
1983-01-04;06:00:00;0.00;G
1983-01-05;06:00:00;0.00;G
1983-01-06;06:00:00;0.00;G
1983-01-07;06:00:00;0.00;G
1983-01-08;06:00:00;0.00;G
1983-01-09;06:00:00;0.00;G
1983-01-10;06:00:00;0.00;G
1983-01-11;06:00:00;0.00;G
1983-01-12;06:00:00;0.00;G
1983-01-13;06:00:00;0.00;G
1983-01-14;06:00:00;0.00;G
1983-01-15;06:00:00;0.00;G
1983-01-16;06:00:00;0.00;G
1983-01-17;06:00:00;0.00;G
1983-01-18;06:00:00;0.00;G
1983-01-19;06:00:00;0.04;G
1983-01-20;06:00:00;0.04;G
1983-01-21;06:00:00;0.02;G
1983-01-22;06:00:00;0.00;G
1983-01-23;06:00:00;0.00;G
1983-01-24;06:00:00;0.00;G
1983-01-25;06:00:00;0.00;G
1983-01-26;06:00:00;0.00;G
1983-01-27;06:00:00;0.00;G
1983-01-28;06:00:00;0.00;G
1983-01-29;06:00:00;0.00;G
1983-01-30;06:00:00;0.01;G
1983-01-31;06:00:00;0.01;G
1983-02-01;06:00:00;0.01;G
1983-02-02;06:00:00;0.04;G
1983-02-03;06:00:00;0.04;G
1983-02-04;06:00:00;0.04;G
1983-02-05;06:00:00;0.06;G
1983-02-06;06:00:00;0.05;G
1983-02-07;06:00:00;0.05;G
1983-02-08;06:00:00;0.05;G
1983-02-09;06:00:00;0.12;G
1983-02-10;06:00:00;0.12;Y
1983-02-11;06:00:00;0.13;G
1983-02-12;06:00:00;0.16;G
1983-02-13;06:00:00;0.16;G
1983-02-14;06:00:00;0.14;G
1983-02-15;06:00:00;0.14;G
1983-02-16;06:00:00;0.12;G
1983-02-17;06:00:00;0.12;G
1983-02-18;06:00:00;0.11;G
1983-02-19;06:00:00;0.10;G
1983-02-20;06:00:00;0.08;G
1983-02-21;06:00:00;0.08;G
1983-02-22;06:00:00;0.08;G
1983-02-23;06:00:00;0.06;G
1983-02-24;06:00:00;0.05;G
1983-02-25;06:00:00;0.04;G
1983-02-26;06:00:00;0.04;G
1983-02-27;06:00:00;0.04;G
1983-02-28;06:00:00;0.04;G
1983-03-01;06:00:00;0.04;G
1983-03-02;06:00:00;0.04;G
1983-03-03;06:00:00;0.04;G
1983-03-04;06:00:00;0.04;G
1983-03-05;06:00:00;0.02;G
1983-03-06;06:00:00;0.02;G
1983-03-07;06:00:00;0.00;G
1983-03-08;06:00:00;0.00;G
1983-03-09;06:00:00;0.00;G
1983-03-10;06:00:00;0.00;G
1983-03-11;06:00:00;0.03;G
1983-03-12;06:00:00;0.03;G
1983-03-13;06:00:00;0.01;G
1983-03-14;06:00:00;0.00;G
1983-03-15;06:00:00;0.00;G
1983-03-16;06:00:00;0.00;G
1983-03-17;06:00:00;0.00;G
1983-03-18;06:00:00;0.00;G
1983-03-19;06:00:00;0.00;G
1983-03-20;06:00:00;0.00;G
1983-03-21;06:00:00;0.00;G
1983-03-22;06:00:00;0.00;G
1983-03-23;06:00:00;0.10;G
1983-03-24;06:00:00;0.05;G
1983-03-25;06:00:00;0.09;G
1983-03-26;06:00:00;0.03;G
1983-03-27;06:00:00;0.02;G
1983-03-28;06:00:00;0.00;G
1983-03-29;06:00:00;0.00;G
1983-03-30;06:00:00;0.02;G
1983-03-31;06:00:00;0.00;G
1983-04-01;06:00:00;0.00;G
1983-04-02;06:00:00;0.00;G
1983-04-03;06:00:00;0.00;G
1983-04-04;06:00:00;0.00;G
1983-04-05;06:00:00;0.00;G
1983-04-06;06:00:00;0.02;G
1983-04-07;06:00:00;0.00;G
1983-04-08;06:00:00;0.00;G
1983-04-09;06:00:00;0.00;G
1983-04-10;06:00:00;0.00;G
1983-04-11;06:00:00;0.00;G
1983-04-12;06:00:00;0.00;G
1983-04-13;06:00:00;0.00;G
1983-04-14;06:00:00;0.01;G
1983-04-15;06:00:00;0.00;G
1983-04-16;06:00:00;0.00;G
1983-04-17;06:00:00;0.00;G
1983-04-18;06:00:00;0.00;G
1983-04-19;06:00:00;0.00;G
1983-04-20;06:00:00;0.00;G
1983-04-21;06:00:00;0.00;G
1983-04-22;06:00:00;0.00;G
1983-04-23;06:00:00;0.00;G
1983-04-24;06:00:00;0.00;G
1983-04-25;06:00:00;0.00;G
1983-04-26;06:00:00;0.00;G
1983-04-27;06:00:00;0.00;G
1983-04-28;06:00:00;0.00;G
1983-04-29;06:00:00;0.00;G
1983-04-30;06:00:00;0.00;G
1983-05-01;06:00:00;0.00;G
1983-05-02;06:00:00;0.00;G
1983-05-03;06:00:00;0.00;G
1983-05-04;06:00:00;0.00;G
1983-05-05;06:00:00;0.00;G
1983-05-06;06:00:00;0.00;G
1983-05-07;06:00:00;0.00;G
1983-05-08;06:00:00;0.00;G
1983-05-09;06:00:00;0.00;G
1983-05-10;06:00:00;0.00;G
1983-05-11;06:00:00;0.00;G
1983-05-12;06:00:00;0.00;G
1983-05-13;06:00:00;0.00;G
1983-05-15;06:00:00;0.00;G
1983-05-16;06:00:00;0.00;G
1983-05-17;06:00:00;0.00;G
1983-05-18;06:00:00;0.00;G
1983-05-19;06:00:00;0.00;G
1983-05-20;06:00:00;0.00;G
1983-05-21;06:00:00;0.00;G
1983-05-22;06:00:00;0.00;G
1983-05-23;06:00:00;0.00;G
1983-05-24;06:00:00;0.00;G
1983-05-25;06:00:00;0.00;G
1983-05-26;06:00:00;0.00;G
1983-05-27;06:00:00;0.00;G
1983-05-28;06:00:00;0.00;G
1983-05-29;06:00:00;0.00;G
1983-05-30;06:00:00;0.00;G
1983-05-31;06:00:00;0.00;G
1983-06-01;06:00:00;0.00;G
1983-06-02;06:00:00;0.00;G
1983-06-03;06:00:00;0.00;G
1983-06-04;06:00:00;0.00;G
1983-06-05;06:00:00;0.00;G
1983-06-06;06:00:00;0.00;G
1983-06-07;06:00:00;0.00;G
1983-06-08;06:00:00;0.00;G
1983-06-09;06:00:00;0.00;G
1983-06-10;06:00:00;0.00;G
1983-06-11;06:00:00;0.00;G
1983-06-12;06:00:00;0.00;G
1983-06-13;06:00:00;0.00;G
1983-06-14;06:00:00;0.00;G
1983-06-15;06:00:00;0.00;G
1983-06-16;06:00:00;0.00;G
1983-06-17;06:00:00;0.00;G
1983-06-18;06:00:00;0.00;G
1983-06-19;06:00:00;0.00;G
1983-06-20;06:00:00;0.00;G
1983-06-21;06:00:00;0.00;G
1983-06-22;06:00:00;0.00;G
1983-06-23;06:00:00;0.00;G
1983-06-24;06:00:00;0.00;G
1983-06-25;06:00:00;0.00;G
1983-06-26;06:00:00;0.00;G
1983-06-27;06:00:00;0.00;G
1983-06-28;06:00:00;0.00;G
1983-06-29;06:00:00;0.00;G
1983-06-30;06:00:00;0.00;G
1983-07-01;06:00:00;0.00;G
1983-07-02;06:00:00;0.00;G
1983-07-03;06:00:00;0.00;G
1983-07-04;06:00:00;0.00;G
1983-07-05;06:00:00;0.00;G
1983-08-02;06:00:00;0.00;G
1983-08-04;06:00:00;0.00;G
1983-08-05;06:00:00;0.00;G
1983-08-06;06:00:00;0.00;G
1983-08-07;06:00:00;0.00;G
1983-08-08;06:00:00;0.00;G
1983-08-11;06:00:00;0.00;G
1983-08-12;06:00:00;0.00;G
1983-08-13;06:00:00;0.00;G
1983-08-14;06:00:00;0.00;G
1983-08-15;06:00:00;0.00;G
1983-08-16;06:00:00;0.00;G
1983-08-17;06:00:00;0.00;G
1983-08-18;06:00:00;0.00;G
1983-08-21;06:00:00;0.00;G
1983-08-22;06:00:00;0.00;G
1983-08-24;06:00:00;0.00;G
1983-09-03;06:00:00;0.00;G
1983-09-04;06:00:00;0.00;G
1983-09-05;06:00:00;0.00;G
1983-09-06;06:00:00;0.00;G
1983-09-07;06:00:00;0.00;G
1983-09-08;06:00:00;0.00;G
1983-09-09;06:00:00;0.00;G
1983-09-10;06:00:00;0.00;G
1983-09-11;06:00:00;0.00;G
1983-09-12;06:00:00;0.00;G
1983-09-13;06:00:00;0.00;G
1983-09-14;06:00:00;0.00;G
1983-09-15;06:00:00;0.00;G
1983-09-16;06:00:00;0.00;G
1983-09-17;06:00:00;0.00;G
1983-09-18;06:00:00;0.00;G
1983-09-19;06:00:00;0.00;G
1983-09-20;06:00:00;0.00;G
1983-09-21;06:00:00;0.00;G
1983-09-22;06:00:00;0.00;G
1983-09-23;06:00:00;0.00;G
1983-09-24;06:00:00;0.00;G
1983-09-25;06:00:00;0.00;G
1983-09-27;06:00:00;0.00;G
1983-09-29;06:00:00;0.00;G
1983-09-30;06:00:00;0.00;G
1983-10-02;06:00:00;0.00;G
1983-10-03;06:00:00;0.00;G
1983-10-04;06:00:00;0.00;G
1983-10-05;06:00:00;0.00;G
1983-10-06;06:00:00;0.00;G
1983-10-07;06:00:00;0.00;G
1983-10-08;06:00:00;0.00;G
1983-10-09;06:00:00;0.00;G
1983-10-10;06:00:00;0.00;G
1983-10-11;06:00:00;0.00;G
1983-10-12;06:00:00;0.00;G
1983-10-21;06:00:00;0.00;G
1983-10-22;06:00:00;0.00;G
1983-10-23;06:00:00;0.00;G
1983-10-24;06:00:00;0.00;G
1983-10-25;06:00:00;0.00;G
1983-10-27;06:00:00;0.00;G
1983-10-29;06:00:00;0.00;G
1983-10-30;06:00:00;0.00;G
1983-10-31;06:00:00;0.00;G
1983-11-01;06:00:00;0.00;G
1983-11-02;06:00:00;0.00;G
1983-11-03;06:00:00;0.00;G
1983-11-05;06:00:00;0.00;G
1983-11-06;06:00:00;0.00;G
1983-11-07;06:00:00;0.00;G
1983-11-09;06:00:00;0.00;G
1983-11-10;06:00:00;0.00;G
1983-11-11;06:00:00;0.00;G
1983-11-12;06:00:00;0.00;G
1983-11-13;06:00:00;0.00;G
1983-11-14;06:00:00;0.00;G
1983-11-15;06:00:00;0.00;G
1983-11-16;06:00:00;0.00;G
1983-11-17;06:00:00;0.00;G
1983-11-18;06:00:00;0.00;G
1983-11-19;06:00:00;0.00;G
1983-11-22;06:00:00;0.01;Y
1983-11-23;06:00:00;0.01;G
1983-11-24;06:00:00;0.01;Y
1983-11-25;06:00:00;0.00;G
1983-11-26;06:00:00;0.00;G
1983-11-27;06:00:00;0.02;G
1983-11-28;06:00:00;0.15;G
1983-11-29;06:00:00;0.15;G
1983-11-30;06:00:00;0.15;G
1983-12-01;06:00:00;0.15;G
1983-12-02;06:00:00;0.13;G
1983-12-03;06:00:00;0.11;G
1983-12-04;06:00:00;0.07;G
1983-12-05;06:00:00;0.02;G
1983-12-07;06:00:00;0.00;G
1983-12-08;06:00:00;0.00;G
1983-12-09;06:00:00;0.00;G
1983-12-10;06:00:00;0.06;G
1983-12-11;06:00:00;0.05;G
1983-12-12;06:00:00;0.04;G
1983-12-13;06:00:00;0.04;G
1983-12-14;06:00:00;0.03;G
1983-12-15;06:00:00;0.03;G
1983-12-16;06:00:00;0.02;G
1983-12-17;06:00:00;0.06;G
1983-12-18;06:00:00;0.06;G
1983-12-19;06:00:00;0.08;G
1983-12-20;06:00:00;0.05;G
1983-12-21;06:00:00;0.02;G
1983-12-23;06:00:00;0.00;G
1983-12-24;06:00:00;0.00;G
1983-12-25;06:00:00;0.00;G
1983-12-27;06:00:00;0.00;G
1983-12-29;06:00:00;0.00;G
1983-12-30;06:00:00;0.00;G
1983-12-31;06:00:00;0.00;G
1984-01-01;06:00:00;0.00;G
1984-01-02;06:00:00;0.00;G
1984-01-03;06:00:00;0.00;G
1984-01-04;06:00:00;0.00;G
1984-01-05;06:00:00;0.01;G
1984-01-06;06:00:00;0.01;G
1984-01-07;06:00:00;0.01;G
1984-01-08;06:00:00;0.02;Y
1984-01-09;06:00:00;0.02;G
1984-01-10;06:00:00;0.02;G
1984-01-11;06:00:00;0.01;G
1984-01-12;06:00:00;0.00;G
1984-01-13;06:00:00;0.00;G
1984-01-14;06:00:00;0.00;G
1984-01-15;06:00:00;0.07;G
1984-01-16;06:00:00;0.07;G
1984-01-17;06:00:00;0.10;G
1984-01-18;06:00:00;0.06;G
1984-01-19;06:00:00;0.05;G
1984-01-20;06:00:00;0.06;G
1984-01-21;06:00:00;0.12;Y
1984-01-22;06:00:00;0.10;Y
1984-01-23;06:00:00;0.13;Y
1984-01-24;06:00:00;0.17;G
1984-01-25;06:00:00;0.34;G
1984-01-26;06:00:00;0.34;Y
1984-01-27;06:00:00;0.32;G
1984-01-28;06:00:00;0.27;G
1984-01-29;06:00:00;0.24;G
1984-01-30;06:00:00;0.23;G
1984-01-31;06:00:00;0.23;G
1984-02-01;06:00:00;0.21;G
1984-02-02;06:00:00;0.20;G
1984-02-03;06:00:00;0.18;G
1984-02-04;06:00:00;0.16;G
1984-02-05;06:00:00;0.13;G
1984-02-06;06:00:00;0.12;G
1984-02-07;06:00:00;0.12;Y
1984-02-08;06:00:00;0.13;Y
1984-02-09;06:00:00;0.13;G
1984-02-10;06:00:00;0.13;G
1984-02-11;06:00:00;0.13;G
1984-02-12;06:00:00;0.12;G
1984-02-13;06:00:00;0.12;G
1984-02-14;06:00:00;0.12;G
1984-02-15;06:00:00;0.12;G
1984-02-16;06:00:00;0.12;G
1984-02-17;06:00:00;0.12;G
1984-02-18;06:00:00;0.12;G
1984-02-19;06:00:00;0.12;G
1984-02-20;06:00:00;0.12;G
1984-02-21;06:00:00;0.13;G
1984-02-22;06:00:00;0.15;Y
1984-02-23;06:00:00;0.16;G
1984-02-24;06:00:00;0.17;G
1984-02-25;06:00:00;0.17;G
1984-02-26;06:00:00;0.16;G
1984-02-27;06:00:00;0.16;Y
1984-02-28;06:00:00;0.15;Y
1984-02-29;06:00:00;0.15;Y
1984-03-01;06:00:00;0.11;G
1984-03-02;06:00:00;0.11;G
1984-03-03;06:00:00;0.11;G
1984-03-04;06:00:00;0.11;G
1984-03-05;06:00:00;0.09;G
1984-03-06;06:00:00;0.07;G
1984-03-07;06:00:00;0.05;G
1984-03-08;06:00:00;0.05;G
1984-03-09;06:00:00;0.05;G
1984-03-10;06:00:00;0.06;G
1984-03-11;06:00:00;0.06;G
1984-03-12;06:00:00;0.05;G
1984-03-13;06:00:00;0.04;Y
1984-03-14;06:00:00;0.04;G
1984-03-15;06:00:00;0.03;G
1984-03-16;06:00:00;0.00;G
1984-03-17;06:00:00;0.00;G
1984-03-18;06:00:00;0.00;G
1984-03-19;06:00:00;0.00;G
1984-03-20;06:00:00;0.00;G
1984-03-21;06:00:00;0.00;G
1984-03-22;06:00:00;0.00;G
1984-03-23;06:00:00;0.05;G
1984-03-24;06:00:00;0.03;G
1984-03-25;06:00:00;0.03;G
1984-03-26;06:00:00;0.03;G
1984-03-27;06:00:00;0.03;G
1984-03-28;06:00:00;0.03;G
1984-03-29;06:00:00;0.00;G
1984-03-30;06:00:00;0.00;G
1984-03-31;06:00:00;0.00;G
1984-04-01;06:00:00;0.00;G
1984-04-02;06:00:00;0.02;G
1984-04-03;06:00:00;0.00;G
1984-04-04;06:00:00;0.00;G
1984-04-05;06:00:00;0.00;G
1984-04-06;06:00:00;0.00;G
1984-04-07;06:00:00;0.00;G
1984-04-08;06:00:00;0.00;G
1984-04-10;06:00:00;0.00;G
1984-04-11;06:00:00;0.00;G
1984-04-12;06:00:00;0.00;G
1984-04-13;06:00:00;0.00;G
1984-04-14;06:00:00;0.00;G
1984-04-15;06:00:00;0.00;G
1984-04-24;06:00:00;0.00;G
1984-04-25;06:00:00;0.00;G
1984-04-26;06:00:00;0.00;G
1984-04-27;06:00:00;0.00;G
1984-04-28;06:00:00;0.00;G
1984-04-29;06:00:00;0.00;G
1984-04-30;06:00:00;0.00;G
1984-05-01;06:00:00;0.00;G
1984-05-02;06:00:00;0.00;G
1984-05-03;06:00:00;0.00;G
1984-05-04;06:00:00;0.00;G
1984-05-05;06:00:00;0.00;G
1984-05-06;06:00:00;0.00;G
1984-05-07;06:00:00;0.00;G
1984-05-09;06:00:00;0.00;G
1984-05-10;06:00:00;0.00;G
1984-05-11;06:00:00;0.00;G
1984-05-12;06:00:00;0.00;G
1984-05-13;06:00:00;0.00;G
1984-05-14;06:00:00;0.00;G
1984-05-15;06:00:00;0.00;G
1984-05-17;06:00:00;0.00;G
1984-05-18;06:00:00;0.00;G
1984-05-19;06:00:00;0.00;G
1984-05-20;06:00:00;0.00;G
1984-05-21;06:00:00;0.00;G
1984-05-22;06:00:00;0.00;G
1984-05-23;06:00:00;0.00;G
1984-05-24;06:00:00;0.00;G
1984-05-25;06:00:00;0.00;G
1984-05-26;06:00:00;0.00;G
1984-05-27;06:00:00;0.00;G
1984-05-28;06:00:00;0.00;G
1984-05-29;06:00:00;0.00;G
1984-05-30;06:00:00;0.00;G
1984-05-31;06:00:00;0.00;G
1984-06-01;06:00:00;0.00;G
1984-06-03;06:00:00;0.00;G
1984-06-04;06:00:00;0.00;G
1984-06-05;06:00:00;0.00;G
1984-06-06;06:00:00;0.00;G
1984-06-07;06:00:00;0.00;G
1984-06-08;06:00:00;0.00;G
1984-06-09;06:00:00;0.00;G
1984-06-10;06:00:00;0.00;G
1984-06-11;06:00:00;0.00;G
1984-06-12;06:00:00;0.00;G
1984-06-13;06:00:00;0.00;G
1984-06-14;06:00:00;0.00;G
1984-06-15;06:00:00;0.00;G
1984-06-16;06:00:00;0.00;G
1984-06-17;06:00:00;0.00;G
1984-06-18;06:00:00;0.00;G
1984-06-19;06:00:00;0.00;G
1984-06-20;06:00:00;0.00;G
1984-06-21;06:00:00;0.00;G
1984-06-22;06:00:00;0.00;G
1984-06-23;06:00:00;0.00;G
1984-06-24;06:00:00;0.00;G
1984-06-25;06:00:00;0.00;G
1984-06-26;06:00:00;0.00;G
1984-06-27;06:00:00;0.00;G
1984-06-28;06:00:00;0.00;G
1984-06-29;06:00:00;0.00;G
1984-06-30;06:00:00;0.00;G
1984-07-01;06:00:00;0.00;G
1984-07-02;06:00:00;0.00;G
1984-07-03;06:00:00;0.00;G
1984-07-05;06:00:00;0.00;G
1984-07-06;06:00:00;0.00;G
1984-07-07;06:00:00;0.00;G
1984-07-08;06:00:00;0.00;G
1984-07-09;06:00:00;0.00;G
1984-07-11;06:00:00;0.00;G
1984-07-12;06:00:00;0.00;G
1984-07-13;06:00:00;0.00;G
1984-07-14;06:00:00;0.00;G
1984-07-15;06:00:00;0.00;G
1984-07-16;06:00:00;0.00;G
1984-07-17;06:00:00;0.00;G
1984-07-18;06:00:00;0.00;G
1984-07-19;06:00:00;0.00;G
1984-07-20;06:00:00;0.00;G
1984-07-21;06:00:00;0.00;G
1984-07-22;06:00:00;0.00;G
1984-07-23;06:00:00;0.00;G
1984-07-24;06:00:00;0.00;G
1984-07-25;06:00:00;0.00;G
1984-07-26;06:00:00;0.00;G
1984-08-13;06:00:00;0.00;G
1984-08-14;06:00:00;0.00;G
1984-08-16;06:00:00;0.00;G
1984-08-17;06:00:00;0.00;G
1984-08-18;06:00:00;0.00;G
1984-08-19;06:00:00;0.00;G
1984-08-20;06:00:00;0.00;G
1984-08-21;06:00:00;0.00;G
1984-08-22;06:00:00;0.00;G
1984-08-23;06:00:00;0.00;G
1984-08-24;06:00:00;0.00;G
1984-08-25;06:00:00;0.00;G
1984-08-26;06:00:00;0.00;G
1984-08-27;06:00:00;0.00;G
1984-08-28;06:00:00;0.00;G
1984-08-29;06:00:00;0.00;G
1984-08-30;06:00:00;0.00;G
1984-08-31;06:00:00;0.00;G
1984-09-01;06:00:00;0.00;G
1984-09-02;06:00:00;0.00;G
1984-09-03;06:00:00;0.00;G
1984-09-04;06:00:00;0.00;G
1984-09-05;06:00:00;0.00;G
1984-09-06;06:00:00;0.00;G
1984-09-07;06:00:00;0.00;G
1984-09-08;06:00:00;0.00;G
1984-09-09;06:00:00;0.00;G
1984-09-10;06:00:00;0.00;G
1984-09-11;06:00:00;0.00;G
1984-09-12;06:00:00;0.00;G
1984-09-13;06:00:00;0.00;G
1984-09-14;06:00:00;0.00;G
1984-09-15;06:00:00;0.00;G
1984-09-16;06:00:00;0.00;G
1984-09-17;06:00:00;0.00;G
1984-09-18;06:00:00;0.00;G
1984-09-19;06:00:00;0.00;G
1984-09-20;06:00:00;0.00;G
1984-09-21;06:00:00;0.00;G
1984-09-22;06:00:00;0.00;G
1984-09-23;06:00:00;0.00;G
1984-09-24;06:00:00;0.00;G
1984-09-25;06:00:00;0.00;G
1984-09-26;06:00:00;0.00;G
1984-09-27;06:00:00;0.00;G
1984-09-28;06:00:00;0.00;G
1984-09-29;06:00:00;0.00;G
1984-09-30;06:00:00;0.00;G
1984-10-01;06:00:00;0.00;G
1984-10-02;06:00:00;0.00;G
1984-10-03;06:00:00;0.00;G
1984-10-04;06:00:00;0.00;G
1984-10-05;06:00:00;0.00;G
1984-10-06;06:00:00;0.00;G
1984-10-07;06:00:00;0.00;G
1984-10-08;06:00:00;0.00;G
1984-10-09;06:00:00;0.00;G
1984-10-10;06:00:00;0.00;G
1984-10-11;06:00:00;0.00;G
1984-10-12;06:00:00;0.00;G
1984-10-13;06:00:00;0.00;G
1984-10-14;06:00:00;0.00;G
1984-10-15;06:00:00;0.00;G
1984-10-16;06:00:00;0.00;G
1984-10-17;06:00:00;0.00;G
1984-10-18;06:00:00;0.00;G
1984-10-19;06:00:00;0.00;G
1984-10-28;06:00:00;0.00;G
1984-10-29;06:00:00;0.00;G
1984-10-30;06:00:00;0.00;G
1984-10-31;06:00:00;0.00;G
1984-11-01;06:00:00;0.00;G
1984-11-02;06:00:00;0.00;G
1984-11-03;06:00:00;0.00;G
1984-11-04;06:00:00;0.00;G
1984-11-05;06:00:00;0.00;G
1984-11-06;06:00:00;0.00;G
1984-11-07;06:00:00;0.00;G
1984-11-08;06:00:00;0.00;G
1984-11-09;06:00:00;0.00;G
1984-11-10;06:00:00;0.00;G
1984-11-11;06:00:00;0.00;G
1984-11-12;06:00:00;0.00;G
1984-11-13;06:00:00;0.00;G
1984-11-14;06:00:00;0.00;G
1984-11-15;06:00:00;0.00;G
1984-11-16;06:00:00;0.00;G
1984-11-17;06:00:00;0.00;G
1984-11-18;06:00:00;0.00;G
1984-11-19;06:00:00;0.00;G
1984-11-20;06:00:00;0.00;G
1984-11-21;06:00:00;0.00;G
1984-11-22;06:00:00;0.00;G
1984-11-23;06:00:00;0.00;G
1984-11-24;06:00:00;0.00;G
1984-11-25;06:00:00;0.00;G
1984-11-26;06:00:00;0.00;G
1984-11-27;06:00:00;0.00;G
1984-11-28;06:00:00;0.00;G
1984-11-29;06:00:00;0.00;G
1984-11-30;06:00:00;0.00;G
1984-12-01;06:00:00;0.00;G
1984-12-02;06:00:00;0.00;G
1984-12-03;06:00:00;0.00;G
1984-12-04;06:00:00;0.00;G
1984-12-05;06:00:00;0.00;G
1984-12-06;06:00:00;0.00;G
1984-12-07;06:00:00;0.00;G
1984-12-08;06:00:00;0.00;G
1984-12-09;06:00:00;0.00;G
1984-12-10;06:00:00;0.00;G
1984-12-11;06:00:00;0.00;G
1984-12-12;06:00:00;0.00;G
1984-12-13;06:00:00;0.00;G
1984-12-14;06:00:00;0.00;G
1984-12-15;06:00:00;0.02;G
1984-12-16;06:00:00;0.05;G
1984-12-17;06:00:00;0.15;G
1984-12-18;06:00:00;0.21;G
1984-12-19;06:00:00;0.16;G
1984-12-20;06:00:00;0.07;G
1984-12-21;06:00:00;0.00;G
1984-12-22;06:00:00;0.00;G
1984-12-23;06:00:00;0.00;G
1984-12-24;06:00:00;0.00;G
1984-12-25;06:00:00;0.00;G
1984-12-26;06:00:00;0.00;G
1984-12-27;06:00:00;0.00;G
1984-12-28;06:00:00;0.08;G
1984-12-29;06:00:00;0.15;G
1984-12-30;06:00:00;0.22;G
1984-12-31;06:00:00;0.20;G
1985-01-01;06:00:00;0.19;G
1985-01-02;06:00:00;0.15;G
1985-01-03;06:00:00;0.16;G
1985-01-04;06:00:00;0.18;G
1985-01-05;06:00:00;0.68;G
1985-01-06;06:00:00;0.68;G
1985-01-07;06:00:00;0.63;G
1985-01-08;06:00:00;0.68;G
1985-01-09;06:00:00;0.65;G
1985-01-10;06:00:00;0.59;G
1985-01-11;06:00:00;0.51;G
1985-01-12;06:00:00;0.51;G
1985-01-13;06:00:00;0.53;G
1985-01-14;06:00:00;0.49;G
1985-01-15;06:00:00;0.46;G
1985-01-16;06:00:00;0.42;G
1985-01-17;06:00:00;0.40;G
1985-01-18;06:00:00;0.39;G
1985-01-19;06:00:00;0.40;G
1985-01-20;06:00:00;0.41;G
1985-01-21;06:00:00;0.47;G
1985-01-22;06:00:00;0.49;G
1985-01-23;06:00:00;0.47;G
1985-01-24;06:00:00;0.42;G
1985-01-25;06:00:00;0.51;G
1985-01-26;06:00:00;0.72;G
1985-01-27;06:00:00;0.65;G
1985-01-28;06:00:00;0.59;G
1985-01-29;06:00:00;0.53;G
1985-01-30;06:00:00;0.49;G
1985-01-31;06:00:00;0.49;G
1985-02-01;06:00:00;0.42;G
1985-02-02;06:00:00;0.41;G
1985-02-03;06:00:00;0.41;G
1985-02-04;06:00:00;0.41;G
1985-02-05;06:00:00;0.45;G
1985-02-06;06:00:00;0.50;G
1985-02-07;06:00:00;0.55;G
1985-02-08;06:00:00;0.58;G
1985-02-09;06:00:00;0.52;G
1985-02-10;06:00:00;0.53;G
1985-02-11;06:00:00;0.51;G
1985-02-12;06:00:00;0.51;G
1985-02-13;06:00:00;0.51;G
1985-02-14;06:00:00;0.50;G
1985-02-15;06:00:00;0.50;G
1985-02-16;06:00:00;0.50;G
1985-02-17;06:00:00;0.51;G
1985-02-18;06:00:00;0.51;G
1985-02-19;06:00:00;0.51;G
1985-02-20;06:00:00;0.51;Y
1985-02-21;06:00:00;0.52;Y
1985-02-22;06:00:00;0.52;G
1985-02-23;06:00:00;0.54;G
1985-02-24;06:00:00;0.54;G
1985-02-25;06:00:00;0.52;G
1985-02-26;06:00:00;0.52;G
1985-02-27;06:00:00;0.51;G
1985-02-28;06:00:00;0.51;G
1985-03-01;06:00:00;0.51;G
1985-03-02;06:00:00;0.50;G
1985-03-03;06:00:00;0.57;G
1985-03-04;06:00:00;0.54;G
1985-03-05;06:00:00;0.54;G
1985-03-06;06:00:00;0.54;G
1985-03-07;06:00:00;0.52;G
1985-03-08;06:00:00;0.59;G
1985-03-09;06:00:00;0.59;G
1985-03-10;06:00:00;0.59;G
1985-03-11;06:00:00;0.62;G
1985-03-12;06:00:00;0.61;Y
1985-03-13;06:00:00;0.56;Y
1985-03-14;06:00:00;0.51;G
1985-03-15;06:00:00;0.50;G
1985-03-16;06:00:00;0.48;G
1985-03-17;06:00:00;0.48;G
1985-03-18;06:00:00;0.48;G
1985-03-19;06:00:00;0.48;G
1985-03-20;06:00:00;0.47;G
1985-03-21;06:00:00;0.46;G
1985-03-22;06:00:00;0.45;G
1985-03-23;06:00:00;0.41;G
1985-03-24;06:00:00;0.39;G
1985-03-25;06:00:00;0.39;G
1985-03-26;06:00:00;0.38;G
1985-03-27;06:00:00;0.35;G
1985-03-28;06:00:00;0.34;G
1985-03-29;06:00:00;0.35;G
1985-03-30;06:00:00;0.33;G
1985-03-31;06:00:00;0.35;G
1985-04-01;06:00:00;0.30;G
1985-04-02;06:00:00;0.26;G
1985-04-03;06:00:00;0.14;G
1985-04-04;06:00:00;0.10;G
1985-04-05;06:00:00;0.09;G
1985-04-06;06:00:00;0.08;G
1985-04-07;06:00:00;0.07;G
1985-04-08;06:00:00;0.07;G
1985-04-09;06:00:00;0.11;G
1985-04-10;06:00:00;0.13;G
1985-04-11;06:00:00;0.09;G
1985-04-12;06:00:00;0.08;G
1985-04-13;06:00:00;0.07;G
1985-04-14;06:00:00;0.05;G
1985-04-15;06:00:00;0.03;G
1985-04-16;06:00:00;0.02;G
1985-04-17;06:00:00;0.00;G
1985-04-18;06:00:00;0.00;G
1985-04-19;06:00:00;0.00;G
1985-04-30;06:00:00;0.19;G
1985-05-01;06:00:00;0.14;G
1985-05-02;06:00:00;0.11;G
1985-05-03;06:00:00;0.06;G
1985-05-04;06:00:00;0.03;G
1985-05-05;06:00:00;0.00;G
1985-05-06;06:00:00;0.00;G
1985-05-07;06:00:00;0.00;G
1985-05-08;06:00:00;0.00;G
1985-05-09;06:00:00;0.00;G
1985-05-11;06:00:00;0.00;G
1985-05-12;06:00:00;0.00;G
1985-05-13;06:00:00;0.00;G
1985-05-14;06:00:00;0.00;G
1985-05-15;06:00:00;0.00;G
1985-05-16;06:00:00;0.00;G
1985-05-17;06:00:00;0.00;G
1985-05-18;06:00:00;0.00;G
1985-05-19;06:00:00;0.00;G
1985-05-20;06:00:00;0.00;G
1985-05-21;06:00:00;0.00;G
1985-05-22;06:00:00;0.00;G
1985-05-23;06:00:00;0.00;G
1985-05-24;06:00:00;0.00;G
1985-05-25;06:00:00;0.00;G
1985-05-26;06:00:00;0.00;G
1985-05-27;06:00:00;0.00;G
1985-05-28;06:00:00;0.00;G
1985-05-29;06:00:00;0.00;G
1985-05-30;06:00:00;0.00;G
1985-05-31;06:00:00;0.00;G
1985-06-01;06:00:00;0.00;G
1985-06-02;06:00:00;0.00;G
1985-06-03;06:00:00;0.00;G
1985-06-04;06:00:00;0.00;G
1985-06-05;06:00:00;0.00;G
1985-06-06;06:00:00;0.00;G
1985-06-07;06:00:00;0.00;G
1985-06-24;06:00:00;0.00;G
1985-06-25;06:00:00;0.00;G
1985-06-26;06:00:00;0.00;G
1985-06-27;06:00:00;0.00;G
1985-06-28;06:00:00;0.00;G
1985-06-29;06:00:00;0.00;G
1985-06-30;06:00:00;0.00;G
1985-07-01;06:00:00;0.00;G
1985-07-02;06:00:00;0.00;G
1985-07-03;06:00:00;0.00;G
1985-07-04;06:00:00;0.00;G
1985-07-05;06:00:00;0.00;G
1985-07-06;06:00:00;0.00;G
1985-07-07;06:00:00;0.00;G
1985-07-08;06:00:00;0.00;G
1985-07-09;06:00:00;0.00;G
1985-07-10;06:00:00;0.00;G
1985-07-11;06:00:00;0.00;G
1985-07-12;06:00:00;0.00;G
1985-07-13;06:00:00;0.00;G
1985-07-14;06:00:00;0.00;G
1985-07-15;06:00:00;0.00;G
1985-07-16;06:00:00;0.00;G
1985-07-17;06:00:00;0.00;G
1985-07-18;06:00:00;0.00;G
1985-07-19;06:00:00;0.00;G
1985-07-20;06:00:00;0.00;G
1985-07-21;06:00:00;0.00;G
1985-07-22;06:00:00;0.00;G
1985-07-23;06:00:00;0.00;G
1985-07-24;06:00:00;0.00;G
1985-07-25;06:00:00;0.00;G
1985-07-26;06:00:00;0.00;G
1985-07-27;06:00:00;0.00;G
1985-07-28;06:00:00;0.00;G
1985-07-29;06:00:00;0.00;G
1985-07-30;06:00:00;0.00;G
1985-07-31;06:00:00;0.00;G
1985-08-01;06:00:00;0.00;G
1985-08-02;06:00:00;0.00;G
1985-08-03;06:00:00;0.00;G
1985-08-04;06:00:00;0.00;G
1985-08-05;06:00:00;0.00;G
1985-08-06;06:00:00;0.00;G
1985-08-07;06:00:00;0.00;G
1985-08-08;06:00:00;0.00;G
1985-08-09;06:00:00;0.00;G
1985-08-10;06:00:00;0.00;G
1985-08-11;06:00:00;0.00;G
1985-08-12;06:00:00;0.00;G
1985-08-13;06:00:00;0.00;G
1985-08-14;06:00:00;0.00;G
1985-08-15;06:00:00;0.00;G
1985-08-16;06:00:00;0.00;G
1985-08-17;06:00:00;0.00;G
1985-08-18;06:00:00;0.00;G
1985-08-19;06:00:00;0.00;G
1985-08-20;06:00:00;0.00;G
1985-08-21;06:00:00;0.00;G
1985-08-22;06:00:00;0.00;G
1985-08-23;06:00:00;0.00;G
1985-08-24;06:00:00;0.00;G
1985-08-25;06:00:00;0.00;G
1985-08-26;06:00:00;0.00;G
1985-08-27;06:00:00;0.00;G
1985-08-28;06:00:00;0.00;G
1985-08-29;06:00:00;0.00;G
1985-08-30;06:00:00;0.00;G
1985-08-31;06:00:00;0.00;G
1985-09-01;06:00:00;0.00;G
1985-09-16;06:00:00;0.00;G
1985-09-17;06:00:00;0.00;G
1985-09-18;06:00:00;0.00;G
1985-09-19;06:00:00;0.00;G
1985-09-20;06:00:00;0.00;G
1985-09-21;06:00:00;0.00;G
1985-09-22;06:00:00;0.00;G
1985-09-23;06:00:00;0.00;G
1985-09-24;06:00:00;0.00;G
1985-09-25;06:00:00;0.00;G
1985-09-26;06:00:00;0.00;G
1985-09-27;06:00:00;0.00;G
1985-09-28;06:00:00;0.00;G
1985-09-29;06:00:00;0.00;G
1985-09-30;06:00:00;0.00;G
1985-10-01;06:00:00;0.00;G
1985-10-02;06:00:00;0.00;G
1985-10-03;06:00:00;0.00;G
1985-10-04;06:00:00;0.00;G
1985-10-05;06:00:00;0.00;G
1985-10-06;06:00:00;0.00;G
1985-10-07;06:00:00;0.00;G
1985-10-08;06:00:00;0.00;G
1985-10-09;06:00:00;0.00;G
1985-10-10;06:00:00;0.00;G
1985-10-11;06:00:00;0.00;G
1985-10-12;06:00:00;0.00;G
1985-10-13;06:00:00;0.00;G
1985-10-14;06:00:00;0.00;G
1985-10-15;06:00:00;0.00;G
1985-10-16;06:00:00;0.00;G
1985-10-17;06:00:00;0.00;G
1985-10-18;06:00:00;0.00;G
1985-10-19;06:00:00;0.00;G
1985-10-20;06:00:00;0.00;G
1985-10-21;06:00:00;0.00;G
1985-10-22;06:00:00;0.00;G
1985-10-23;06:00:00;0.00;G
1985-10-24;06:00:00;0.00;G
1985-10-25;06:00:00;0.00;G
1985-10-26;06:00:00;0.00;G
1985-10-27;06:00:00;0.00;G
1985-10-28;06:00:00;0.00;G
1985-10-29;06:00:00;0.00;G
1985-10-30;06:00:00;0.00;G
1985-10-31;06:00:00;0.00;G
1985-11-01;06:00:00;0.00;G
1985-11-02;06:00:00;0.00;G
1985-11-03;06:00:00;0.00;G
1985-11-04;06:00:00;0.00;G
1985-11-05;06:00:00;0.00;G
1985-11-06;06:00:00;0.00;G
1985-11-07;06:00:00;0.00;G
1985-11-08;06:00:00;0.00;G
1985-11-09;06:00:00;0.00;G
1985-11-10;06:00:00;0.00;G
1985-11-11;06:00:00;0.00;G
1985-11-12;06:00:00;0.00;G
1985-11-13;06:00:00;0.00;G
1985-11-14;06:00:00;0.00;G
1985-11-15;06:00:00;0.01;G
1985-11-16;06:00:00;0.01;G
1985-11-17;06:00:00;0.02;G
1985-11-18;06:00:00;0.02;G
1985-11-19;06:00:00;0.02;G
1985-11-20;06:00:00;0.01;G
1985-11-21;06:00:00;0.01;G
1985-11-22;06:00:00;0.01;G
1985-11-23;06:00:00;0.01;G
1985-11-24;06:00:00;0.01;G
1985-11-25;06:00:00;0.01;G
1985-11-26;06:00:00;0.01;G
1985-11-27;06:00:00;0.03;G
1985-11-28;06:00:00;0.08;G
1985-11-29;06:00:00;0.09;G
1985-11-30;06:00:00;0.09;G
1985-12-01;06:00:00;0.09;G
1985-12-02;06:00:00;0.12;G
1985-12-03;06:00:00;0.15;G
1985-12-04;06:00:00;0.03;G
1985-12-05;06:00:00;0.00;G
1985-12-06;06:00:00;0.03;G
1985-12-07;06:00:00;0.04;G
1985-12-08;06:00:00;0.04;G
1985-12-09;06:00:00;0.04;G
1985-12-10;06:00:00;0.05;G
1985-12-11;06:00:00;0.08;G
1985-12-12;06:00:00;0.08;G
1985-12-13;06:00:00;0.08;G
1985-12-14;06:00:00;0.03;G
1985-12-15;06:00:00;0.02;G
1985-12-16;06:00:00;0.07;G
1985-12-17;06:00:00;0.24;G
1985-12-18;06:00:00;0.27;G
1985-12-19;06:00:00;0.27;G
1985-12-20;06:00:00;0.27;G
1985-12-21;06:00:00;0.24;G
1985-12-22;06:00:00;0.06;G
1985-12-23;06:00:00;0.00;G
1985-12-24;06:00:00;0.00;G
1985-12-25;06:00:00;0.00;G
1985-12-26;06:00:00;0.00;G
1985-12-27;06:00:00;0.09;G
1985-12-28;06:00:00;0.07;G
1985-12-29;06:00:00;0.06;G
1985-12-30;06:00:00;0.07;G
1985-12-31;06:00:00;0.07;G
1986-01-01;06:00:00;0.16;G
1986-01-02;06:00:00;0.16;G
1986-01-03;06:00:00;0.20;G
1986-01-04;06:00:00;0.18;G
1986-01-05;06:00:00;0.18;G
1986-01-06;06:00:00;0.16;G
1986-01-07;06:00:00;0.16;G
1986-01-08;06:00:00;0.16;G
1986-01-09;06:00:00;0.20;G
1986-01-10;06:00:00;0.20;G
1986-01-11;06:00:00;0.24;G
1986-01-12;06:00:00;0.20;G
1986-01-13;06:00:00;0.17;G
1986-01-14;06:00:00;0.16;G
1986-01-15;06:00:00;0.23;G
1986-01-16;06:00:00;0.21;G
1986-01-17;06:00:00;0.21;G
1986-01-18;06:00:00;0.21;G
1986-01-19;06:00:00;0.26;G
1986-01-20;06:00:00;0.29;G
1986-01-21;06:00:00;0.28;G
1986-01-22;06:00:00;0.18;G
1986-01-23;06:00:00;0.16;G
1986-01-24;06:00:00;0.16;G
1986-01-25;06:00:00;0.16;G
1986-01-26;06:00:00;0.16;G
1986-01-27;06:00:00;0.17;G
1986-01-28;06:00:00;0.21;G
1986-01-29;06:00:00;0.22;G
1986-01-30;06:00:00;0.21;G
1986-01-31;06:00:00;0.21;G
1986-02-01;06:00:00;0.21;G
1986-02-02;06:00:00;0.21;G
1986-02-03;06:00:00;0.21;G
1986-02-04;06:00:00;0.21;G
1986-02-05;06:00:00;0.27;G
1986-02-06;06:00:00;0.28;G
1986-02-07;06:00:00;0.30;G
1986-02-08;06:00:00;0.35;G
1986-02-09;06:00:00;0.34;G
1986-02-10;06:00:00;0.33;G
1986-02-11;06:00:00;0.32;G
1986-02-12;06:00:00;0.32;G
1986-02-13;06:00:00;0.30;G
1986-02-14;06:00:00;0.32;G
1986-02-15;06:00:00;0.34;G
1986-02-16;06:00:00;0.31;G
1986-02-17;06:00:00;0.29;G
1986-02-18;06:00:00;0.30;G
1986-02-19;06:00:00;0.35;G
1986-02-20;06:00:00;0.35;Y
1986-02-21;06:00:00;0.48;Y
1986-02-22;06:00:00;0.46;Y
1986-02-23;06:00:00;0.43;Y
1986-02-24;06:00:00;0.46;Y
1986-02-25;06:00:00;0.44;Y
1986-02-26;06:00:00;0.42;Y
1986-02-27;06:00:00;0.40;Y
1986-02-28;06:00:00;0.40;Y
1986-03-01;06:00:00;0.40;G
1986-03-02;06:00:00;0.39;G
1986-03-03;06:00:00;0.38;G
1986-03-04;06:00:00;0.36;G
1986-03-05;06:00:00;0.36;G
1986-03-06;06:00:00;0.29;G
1986-03-07;06:00:00;0.26;G
1986-03-08;06:00:00;0.23;G
1986-03-09;06:00:00;0.21;G
1986-03-10;06:00:00;0.21;G
1986-03-11;06:00:00;0.21;G
1986-03-12;06:00:00;0.21;G
1986-03-13;06:00:00;0.21;G
1986-03-14;06:00:00;0.21;G
1986-03-15;06:00:00;0.21;G
1986-03-16;06:00:00;0.21;G
1986-03-17;06:00:00;0.20;G
1986-03-18;06:00:00;0.19;G
1986-03-19;06:00:00;0.17;G
1986-03-20;06:00:00;0.14;G
1986-03-21;06:00:00;0.12;G
1986-03-22;06:00:00;0.11;G
1986-03-23;06:00:00;0.07;G
1986-03-24;06:00:00;0.05;G
1986-03-25;06:00:00;0.09;G
1986-03-26;06:00:00;0.05;G
1986-03-27;06:00:00;0.04;G
1986-03-28;06:00:00;0.00;G
1986-03-29;06:00:00;0.00;G
1986-03-30;06:00:00;0.00;G
1986-03-31;06:00:00;0.02;G
1986-04-01;06:00:00;0.00;G
1986-04-02;06:00:00;0.00;G
1986-04-03;06:00:00;0.00;G
1986-04-04;06:00:00;0.00;G
1986-04-05;06:00:00;0.00;G
1986-04-06;06:00:00;0.00;G
1986-04-07;06:00:00;0.00;G
1986-04-08;06:00:00;0.00;G
1986-04-09;06:00:00;0.00;G
1986-04-10;06:00:00;0.00;G
1986-04-11;06:00:00;0.00;G
1986-04-12;06:00:00;0.00;G
1986-04-13;06:00:00;0.00;G
1986-04-14;06:00:00;0.01;G
1986-04-15;06:00:00;0.04;G
1986-04-16;06:00:00;0.00;G
1986-04-17;06:00:00;0.00;G
1986-04-18;06:00:00;0.00;G
1986-04-19;06:00:00;0.00;G
1986-04-20;06:00:00;0.05;Y
1986-04-21;06:00:00;0.06;Y
1986-04-22;06:00:00;0.00;G
1986-04-23;06:00:00;0.00;G
1986-04-24;06:00:00;0.00;G
1986-04-25;06:00:00;0.00;G
1986-04-26;06:00:00;0.00;G
1986-04-27;06:00:00;0.00;G
1986-04-28;06:00:00;0.00;G
1986-04-29;06:00:00;0.00;G
1986-04-30;06:00:00;0.00;G
1986-05-01;06:00:00;0.00;G
1986-05-02;06:00:00;0.00;G
1986-05-04;06:00:00;0.00;G
1986-05-05;06:00:00;0.00;G
1986-05-06;06:00:00;0.00;G
1986-05-07;06:00:00;0.00;G
1986-05-08;06:00:00;0.00;G
1986-05-09;06:00:00;0.00;G
1986-05-10;06:00:00;0.00;G
1986-05-11;06:00:00;0.00;G
1986-05-12;06:00:00;0.00;G
1986-05-13;06:00:00;0.00;G
1986-05-14;06:00:00;0.00;G
1986-05-15;06:00:00;0.00;G
1986-05-16;06:00:00;0.00;G
1986-05-17;06:00:00;0.00;G
1986-05-18;06:00:00;0.00;G
1986-05-19;06:00:00;0.00;G
1986-05-27;06:00:00;0.00;G
1986-05-28;06:00:00;0.00;G
1986-05-29;06:00:00;0.00;G
1986-05-30;06:00:00;0.00;G
1986-05-31;06:00:00;0.00;G
1986-06-01;06:00:00;0.00;G
1986-06-02;06:00:00;0.00;G
1986-06-03;06:00:00;0.00;G
1986-06-04;06:00:00;0.00;G
1986-06-05;06:00:00;0.00;G
1986-06-06;06:00:00;0.00;G
1986-06-10;06:00:00;0.00;G
1986-06-11;06:00:00;0.00;G
1986-06-12;06:00:00;0.00;G
1986-06-13;06:00:00;0.00;G
1986-06-14;06:00:00;0.00;G
1986-06-16;06:00:00;0.00;G
1986-06-17;06:00:00;0.00;G
1986-06-18;06:00:00;0.00;G
1986-06-19;06:00:00;0.00;G
1986-06-20;06:00:00;0.00;G
1986-06-21;06:00:00;0.00;G
1986-06-22;06:00:00;0.00;G
1986-06-23;06:00:00;0.00;G
1986-06-24;06:00:00;0.00;G
1986-06-25;06:00:00;0.00;G
1986-06-26;06:00:00;0.00;G
1986-06-27;06:00:00;0.00;G
1986-06-28;06:00:00;0.00;G
1986-06-29;06:00:00;0.00;G
1986-06-30;06:00:00;0.00;G
1986-07-02;06:00:00;0.00;G
1986-07-03;06:00:00;0.00;G
1986-07-05;06:00:00;0.00;G
1986-07-06;06:00:00;0.00;G
1986-07-07;06:00:00;0.00;G
1986-07-08;06:00:00;0.00;G
1986-07-09;06:00:00;0.00;G
1986-07-10;06:00:00;0.00;G
1986-07-11;06:00:00;0.00;G
1986-07-12;06:00:00;0.00;G
1986-07-13;06:00:00;0.00;G
1986-07-14;06:00:00;0.00;G
1986-07-17;06:00:00;0.00;G
1986-07-18;06:00:00;0.00;G
1986-07-20;06:00:00;0.00;G
1986-07-21;06:00:00;0.00;G
1986-07-22;06:00:00;0.00;G
1986-07-23;06:00:00;0.00;G
1986-07-24;06:00:00;0.00;G
1986-07-25;06:00:00;0.00;G
1986-08-02;06:00:00;0.00;G
1986-08-03;06:00:00;0.00;G
1986-08-04;06:00:00;0.00;G
1986-08-05;06:00:00;0.00;G
1986-08-06;06:00:00;0.00;G
1986-08-07;06:00:00;0.00;G
1986-08-08;06:00:00;0.00;G
1986-08-09;06:00:00;0.00;G
1986-08-10;06:00:00;0.00;G
1986-08-11;06:00:00;0.00;G
1986-08-12;06:00:00;0.00;G
1986-08-13;06:00:00;0.00;G
1986-08-14;06:00:00;0.00;G
1986-08-15;06:00:00;0.00;G
1986-08-17;06:00:00;0.00;G
1986-08-18;06:00:00;0.00;G
1986-08-19;06:00:00;0.00;G
1986-08-20;06:00:00;0.00;G
1986-08-29;06:00:00;0.00;G
1986-08-30;06:00:00;0.00;G
1986-09-01;06:00:00;0.00;G
1986-09-02;06:00:00;0.00;G
1986-09-03;06:00:00;0.00;G
1986-09-04;06:00:00;0.00;G
1986-09-05;06:00:00;0.00;G
1986-09-06;06:00:00;0.00;G
1986-09-07;06:00:00;0.00;G
1986-09-08;06:00:00;0.00;G
1986-09-09;06:00:00;0.00;G
1986-09-10;06:00:00;0.00;G
1986-09-11;06:00:00;0.00;G
1986-09-12;06:00:00;0.00;G
1986-09-13;06:00:00;0.00;G
1986-09-14;06:00:00;0.00;G
1986-09-15;06:00:00;0.00;G
1986-09-16;06:00:00;0.00;G
1986-09-17;06:00:00;0.00;G
1986-09-18;06:00:00;0.00;G
1986-09-19;06:00:00;0.00;G
1986-09-20;06:00:00;0.00;G
1986-09-21;06:00:00;0.00;G
1986-09-22;06:00:00;0.00;G
1986-09-23;06:00:00;0.00;G
1986-09-24;06:00:00;0.00;G
1986-09-25;06:00:00;0.00;G
1986-09-26;06:00:00;0.00;G
1986-09-27;06:00:00;0.00;G
1986-09-28;06:00:00;0.00;G
1986-09-29;06:00:00;0.00;G
1986-09-30;06:00:00;0.00;G
1986-10-01;06:00:00;0.00;G
1986-10-02;06:00:00;0.00;G
1986-10-03;06:00:00;0.00;G
1986-10-04;06:00:00;0.00;G
1986-10-05;06:00:00;0.00;G
1986-10-06;06:00:00;0.00;G
1986-10-07;06:00:00;0.00;G
1986-10-08;06:00:00;0.00;G
1986-10-09;06:00:00;0.00;G
1986-10-10;06:00:00;0.00;G
1986-10-11;06:00:00;0.00;G
1986-10-12;06:00:00;0.00;G
1986-10-13;06:00:00;0.00;G
1986-10-14;06:00:00;0.00;G
1986-10-15;06:00:00;0.00;G
1986-10-16;06:00:00;0.00;G
1986-10-17;06:00:00;0.00;G
1986-10-18;06:00:00;0.00;G
1986-10-19;06:00:00;0.00;G
1986-10-20;06:00:00;0.00;G
1986-10-21;06:00:00;0.00;G
1986-10-22;06:00:00;0.00;G
1986-10-23;06:00:00;0.00;G
1986-10-24;06:00:00;0.00;G
1986-10-25;06:00:00;0.00;G
1986-10-26;06:00:00;0.00;G
1986-10-27;06:00:00;0.00;G
1986-10-28;06:00:00;0.00;G
1986-10-29;06:00:00;0.00;G
1986-10-30;06:00:00;0.00;G
1986-10-31;06:00:00;0.00;G
1986-11-01;06:00:00;0.00;G
1986-11-02;06:00:00;0.00;G
1986-11-03;06:00:00;0.00;G
1986-11-04;06:00:00;0.00;G
1986-11-05;06:00:00;0.00;G
1986-11-06;06:00:00;0.00;G
1986-11-07;06:00:00;0.00;G
1986-11-08;06:00:00;0.00;G
1986-11-09;06:00:00;0.00;G
1986-11-10;06:00:00;0.00;G
1986-11-11;06:00:00;0.00;G
1986-11-12;06:00:00;0.00;G
1986-11-13;06:00:00;0.00;G
1986-11-14;06:00:00;0.00;G
1986-11-15;06:00:00;0.00;G
1986-11-16;06:00:00;0.00;G
1986-11-17;06:00:00;0.00;G
1986-11-18;06:00:00;0.00;G
1986-11-19;06:00:00;0.00;G
1986-11-20;06:00:00;0.00;G
1986-11-21;06:00:00;0.00;G
1986-11-22;06:00:00;0.00;G
1986-11-23;06:00:00;0.00;G
1986-11-24;06:00:00;0.00;G
1986-11-25;06:00:00;0.00;G
1986-11-26;06:00:00;0.00;G
1986-11-27;06:00:00;0.00;G
1986-11-28;06:00:00;0.00;G
1986-11-29;06:00:00;0.00;G
1986-11-30;06:00:00;0.00;G
1986-12-01;06:00:00;0.00;G
1986-12-02;06:00:00;0.00;G
1986-12-03;06:00:00;0.00;G
1986-12-04;06:00:00;0.00;G
1986-12-05;06:00:00;0.00;G
1986-12-06;06:00:00;0.00;G
1986-12-07;06:00:00;0.00;G
1986-12-08;06:00:00;0.00;G
1986-12-09;06:00:00;0.00;G
1986-12-10;06:00:00;0.00;G
1986-12-11;06:00:00;0.00;G
1986-12-12;06:00:00;0.00;G
1986-12-13;06:00:00;0.00;G
1986-12-14;06:00:00;0.00;G
1986-12-15;06:00:00;0.02;G
1986-12-16;06:00:00;0.01;G
1986-12-17;06:00:00;0.00;G
1986-12-18;06:00:00;0.01;G
1986-12-19;06:00:00;0.00;G
1986-12-20;06:00:00;0.01;G
1986-12-21;06:00:00;0.02;G
1986-12-22;06:00:00;0.06;G
1986-12-23;06:00:00;0.07;G
1986-12-24;06:00:00;0.26;G
1986-12-25;06:00:00;0.24;G
1986-12-26;06:00:00;0.22;G
1986-12-27;06:00:00;0.30;G
1986-12-28;06:00:00;0.29;G
1986-12-29;06:00:00;0.26;G
1986-12-30;06:00:00;0.25;G
1986-12-31;06:00:00;0.23;G
1987-01-01;06:00:00;0.23;G
1987-01-02;06:00:00;0.21;G
1987-01-03;06:00:00;0.21;G
1987-01-04;06:00:00;0.21;G
1987-01-05;06:00:00;0.22;G
1987-01-06;06:00:00;0.39;G
1987-01-07;06:00:00;0.42;G
1987-01-08;06:00:00;0.40;G
1987-01-09;06:00:00;0.49;G
1987-01-10;06:00:00;0.43;G
1987-01-11;06:00:00;0.45;G
1987-01-12;06:00:00;0.68;G
1987-01-13;06:00:00;0.78;G
1987-01-14;06:00:00;0.90;G
1987-01-15;06:00:00;0.77;G
1987-01-16;06:00:00;0.68;G
1987-01-17;06:00:00;0.63;G
1987-01-18;06:00:00;0.58;G
1987-01-19;06:00:00;0.55;G
1987-01-20;06:00:00;0.51;G
1987-01-21;06:00:00;0.51;G
1987-01-22;06:00:00;0.50;G
1987-01-23;06:00:00;0.50;G
1987-01-24;06:00:00;0.48;G
1987-01-25;06:00:00;0.48;G
1987-01-26;06:00:00;0.47;G
1987-01-27;06:00:00;0.47;G
1987-01-28;06:00:00;0.51;G
1987-01-29;06:00:00;0.52;G
1987-01-30;06:00:00;0.51;G
1987-01-31;06:00:00;0.50;G
1987-02-01;06:00:00;0.49;G
1987-02-02;06:00:00;0.46;G
1987-02-03;06:00:00;0.46;G
1987-02-04;06:00:00;0.46;G
1987-02-05;06:00:00;0.45;G
1987-02-06;06:00:00;0.40;G
1987-02-07;06:00:00;0.34;G
1987-02-08;06:00:00;0.34;G
1987-02-09;06:00:00;0.32;G
1987-02-10;06:00:00;0.32;G
1987-02-11;06:00:00;0.42;G
1987-02-12;06:00:00;0.39;G
1987-02-13;06:00:00;0.38;G
1987-02-14;06:00:00;0.37;G
1987-02-15;06:00:00;0.37;G
1987-02-16;06:00:00;0.36;G
1987-02-17;06:00:00;0.42;G
1987-02-18;06:00:00;0.47;G
1987-02-19;06:00:00;0.46;G
1987-02-20;06:00:00;0.46;G
1987-02-21;06:00:00;0.45;G
1987-02-22;06:00:00;0.42;G
1987-02-23;06:00:00;0.42;G
1987-02-24;06:00:00;0.42;G
1987-02-25;06:00:00;0.42;G
1987-02-26;06:00:00;0.41;G
1987-02-27;06:00:00;0.40;G
1987-02-28;06:00:00;0.38;G
1987-03-01;06:00:00;0.38;G
1987-03-02;06:00:00;0.38;G
1987-03-03;06:00:00;0.38;G
1987-03-04;06:00:00;0.38;G
1987-03-05;06:00:00;0.38;G
1987-03-06;06:00:00;0.38;G
1987-03-07;06:00:00;0.37;G
1987-03-08;06:00:00;0.37;G
1987-03-09;06:00:00;0.37;G
1987-03-10;06:00:00;0.36;G
1987-03-11;06:00:00;0.36;Y
1987-03-12;06:00:00;0.36;G
1987-03-13;06:00:00;0.36;G
1987-03-14;06:00:00;0.36;G
1987-03-15;06:00:00;0.36;G
1987-03-16;06:00:00;0.36;G
1987-03-17;06:00:00;0.37;G
1987-03-18;06:00:00;0.37;G
1987-03-19;06:00:00;0.43;G
1987-03-20;06:00:00;0.45;G
1987-03-21;06:00:00;0.40;G
1987-03-22;06:00:00;0.38;G
1987-03-23;06:00:00;0.37;G
1987-03-24;06:00:00;0.37;G
1987-03-25;06:00:00;0.37;G
1987-03-26;06:00:00;0.37;G
1987-03-27;06:00:00;0.36;G
1987-03-28;06:00:00;0.32;G
1987-03-29;06:00:00;0.27;G
1987-03-30;06:00:00;0.24;G
1987-03-31;06:00:00;0.18;G
1987-04-01;06:00:00;0.17;G
1987-04-02;06:00:00;0.12;G
1987-04-03;06:00:00;0.12;G
1987-04-04;06:00:00;0.10;G
1987-04-05;06:00:00;0.08;G
1987-04-06;06:00:00;0.06;G
1987-04-07;06:00:00;0.06;G
1987-04-08;06:00:00;0.04;G
1987-04-09;06:00:00;0.02;G
1987-04-10;06:00:00;0.00;G
1987-04-11;06:00:00;0.00;G
1987-04-12;06:00:00;0.00;G
1987-04-13;06:00:00;0.00;G
1987-04-14;06:00:00;0.00;G
1987-04-15;06:00:00;0.00;G
1987-04-16;06:00:00;0.00;G
1987-04-17;06:00:00;0.00;G
1987-04-18;06:00:00;0.00;G
1987-04-19;06:00:00;0.00;G
1987-04-20;06:00:00;0.00;G
1987-04-21;06:00:00;0.00;G
1987-04-22;06:00:00;0.00;G
1987-04-23;06:00:00;0.00;G
1987-04-24;06:00:00;0.00;G
1987-04-25;06:00:00;0.00;G
1987-04-26;06:00:00;0.00;G
1987-04-27;06:00:00;0.00;G
1987-04-28;06:00:00;0.00;G
1987-04-29;06:00:00;0.00;G
1987-04-30;06:00:00;0.00;G
1987-05-01;06:00:00;0.00;G
1987-05-02;06:00:00;0.00;G
1987-05-03;06:00:00;0.00;G
1987-05-04;06:00:00;0.00;G
1987-05-05;06:00:00;0.00;G
1987-05-06;06:00:00;0.00;G
1987-05-07;06:00:00;0.00;G
1987-05-08;06:00:00;0.00;G
1987-05-09;06:00:00;0.00;G
1987-05-10;06:00:00;0.00;G
1987-05-11;06:00:00;0.00;G
1987-05-12;06:00:00;0.00;G
1987-05-13;06:00:00;0.00;G
1987-05-14;06:00:00;0.00;G
1987-05-15;06:00:00;0.00;G
1987-05-16;06:00:00;0.00;G
1987-05-17;06:00:00;0.00;G
1987-05-19;06:00:00;0.00;G
1987-05-20;06:00:00;0.00;G
1987-05-21;06:00:00;0.00;G
1987-05-22;06:00:00;0.00;G
1987-05-23;06:00:00;0.00;G
1987-05-25;06:00:00;0.00;G
1987-05-26;06:00:00;0.00;G
1987-05-27;06:00:00;0.00;G
1987-05-28;06:00:00;0.00;G
1987-05-29;06:00:00;0.00;G
1987-05-30;06:00:00;0.00;G
1987-05-31;06:00:00;0.00;G
1987-06-01;06:00:00;0.00;G
1987-06-02;06:00:00;0.00;G
1987-06-03;06:00:00;0.00;G
1987-06-04;06:00:00;0.00;G
1987-06-05;06:00:00;0.00;G
1987-06-06;06:00:00;0.00;G
1987-06-07;06:00:00;0.00;G
1987-06-08;06:00:00;0.00;G
1987-06-09;06:00:00;0.00;G
1987-06-10;06:00:00;0.00;G
1987-06-11;06:00:00;0.00;G
1987-06-12;06:00:00;0.00;G
1987-06-13;06:00:00;0.00;G
1987-06-14;06:00:00;0.00;G
1987-06-15;06:00:00;0.00;G
1987-06-16;06:00:00;0.00;G
1987-06-17;06:00:00;0.00;G
1987-06-18;06:00:00;0.00;G
1987-06-19;06:00:00;0.00;G
1987-06-20;06:00:00;0.00;G
1987-06-21;06:00:00;0.00;G
1987-06-22;06:00:00;0.00;G
1987-06-23;06:00:00;0.00;G
1987-06-24;06:00:00;0.00;G
1987-06-25;06:00:00;0.00;G
1987-06-26;06:00:00;0.00;G
1987-06-27;06:00:00;0.00;G
1987-06-28;06:00:00;0.00;G
1987-06-29;06:00:00;0.00;G
1987-06-30;06:00:00;0.00;G
1987-07-01;06:00:00;0.00;G
1987-07-02;06:00:00;0.00;G
1987-07-03;06:00:00;0.00;G
1987-07-04;06:00:00;0.00;G
1987-07-07;06:00:00;0.00;G
1987-07-08;06:00:00;0.00;G
1987-07-09;06:00:00;0.00;G
1987-07-10;06:00:00;0.00;G
1987-07-11;06:00:00;0.00;G
1987-07-12;06:00:00;0.00;G
1987-07-13;06:00:00;0.00;G
1987-07-14;06:00:00;0.00;G
1987-07-15;06:00:00;0.00;G
1987-07-16;06:00:00;0.00;G
1987-07-17;06:00:00;0.00;G
1987-07-18;06:00:00;0.00;G
1987-07-19;06:00:00;0.00;G
1987-07-20;06:00:00;0.00;G
1987-07-21;06:00:00;0.00;G
1987-07-22;06:00:00;0.00;G
1987-07-23;06:00:00;0.00;G
1987-07-24;06:00:00;0.00;G
1987-07-25;06:00:00;0.00;G
1987-07-26;06:00:00;0.00;G
1987-07-27;06:00:00;0.00;G
1987-07-28;06:00:00;0.00;G
1987-07-29;06:00:00;0.00;G
1987-07-30;06:00:00;0.00;G
1987-07-31;06:00:00;0.00;G
1987-08-01;06:00:00;0.00;G
1987-08-02;06:00:00;0.00;G
1987-08-03;06:00:00;0.00;G
1987-08-04;06:00:00;0.00;G
1987-08-05;06:00:00;0.00;G
1987-08-06;06:00:00;0.00;G
1987-08-07;06:00:00;0.00;G
1987-08-08;06:00:00;0.00;G
1987-08-09;06:00:00;0.00;G
1987-08-10;06:00:00;0.00;G
1987-08-11;06:00:00;0.00;G
1987-08-12;06:00:00;0.00;G
1987-08-13;06:00:00;0.00;G
1987-08-14;06:00:00;0.00;G
1987-08-15;06:00:00;0.00;G
1987-08-16;06:00:00;0.00;G
1987-08-17;06:00:00;0.00;G
1987-08-18;06:00:00;0.00;G
1987-08-19;06:00:00;0.00;G
1987-08-20;06:00:00;0.00;G
1987-08-21;06:00:00;0.00;G
1987-08-22;06:00:00;0.00;G
1987-08-23;06:00:00;0.00;G
1987-08-24;06:00:00;0.00;G
1987-08-25;06:00:00;0.00;G
1987-08-26;06:00:00;0.00;G
1987-08-27;06:00:00;0.00;G
1987-08-28;06:00:00;0.00;G
1987-08-29;06:00:00;0.00;G
1987-08-30;06:00:00;0.00;G
1987-08-31;06:00:00;0.00;G
1987-09-01;06:00:00;0.00;G
1987-09-02;06:00:00;0.00;G
1987-09-03;06:00:00;0.00;G
1987-09-04;06:00:00;0.00;G
1987-09-05;06:00:00;0.00;G
1987-09-06;06:00:00;0.00;G
1987-09-07;06:00:00;0.00;G
1987-09-08;06:00:00;0.00;G
1987-09-09;06:00:00;0.00;G
1987-09-10;06:00:00;0.00;G
1987-09-11;06:00:00;0.00;G
1987-09-12;06:00:00;0.00;G
1987-09-13;06:00:00;0.00;G
1987-09-14;06:00:00;0.00;G
1987-09-15;06:00:00;0.00;G
1987-09-16;06:00:00;0.00;G
1987-09-17;06:00:00;0.00;G
1987-09-18;06:00:00;0.00;G
1987-09-19;06:00:00;0.00;G
1987-09-20;06:00:00;0.00;G
1987-09-21;06:00:00;0.00;G
1987-09-22;06:00:00;0.00;G
1987-09-23;06:00:00;0.00;G
1987-09-24;06:00:00;0.00;G
1987-09-25;06:00:00;0.00;G
1987-09-26;06:00:00;0.00;G
1987-09-27;06:00:00;0.00;G
1987-09-28;06:00:00;0.00;G
1987-09-29;06:00:00;0.00;G
1987-09-30;06:00:00;0.00;G
1987-10-01;06:00:00;0.00;G
1987-10-02;06:00:00;0.00;G
1987-10-03;06:00:00;0.00;G
1987-10-04;06:00:00;0.00;G
1987-10-05;06:00:00;0.00;G
1987-10-06;06:00:00;0.00;G
1987-10-07;06:00:00;0.00;G
1987-10-08;06:00:00;0.00;G
1987-10-09;06:00:00;0.00;G
1987-10-10;06:00:00;0.00;G
1987-10-11;06:00:00;0.00;G
1987-10-12;06:00:00;0.00;G
1987-10-13;06:00:00;0.00;G
1987-10-14;06:00:00;0.00;G
1987-10-15;06:00:00;0.00;G
1987-10-16;06:00:00;0.00;G
1987-10-17;06:00:00;0.00;G
1987-10-18;06:00:00;0.00;G
1987-10-19;06:00:00;0.00;G
1987-10-20;06:00:00;0.00;G
1987-10-21;06:00:00;0.00;G
1987-10-22;06:00:00;0.00;G
1987-10-23;06:00:00;0.00;G
1987-10-24;06:00:00;0.00;G
1987-10-25;06:00:00;0.00;G
1987-10-26;06:00:00;0.00;G
1987-10-27;06:00:00;0.00;G
1987-10-28;06:00:00;0.00;G
1987-10-29;06:00:00;0.00;G
1987-10-30;06:00:00;0.00;G
1987-10-31;06:00:00;0.00;G
1987-11-01;06:00:00;0.00;G
1987-11-02;06:00:00;0.00;G
1987-11-03;06:00:00;0.00;G
1987-11-04;06:00:00;0.00;G
1987-11-05;06:00:00;0.00;G
1987-11-06;06:00:00;0.00;G
1987-11-07;06:00:00;0.00;G
1987-11-08;06:00:00;0.00;G
1987-11-09;06:00:00;0.00;G
1987-11-10;06:00:00;0.00;G
1987-11-11;06:00:00;0.00;G
1987-11-12;06:00:00;0.00;G
1987-11-13;06:00:00;0.00;G
1987-11-14;06:00:00;0.00;G
1987-11-15;06:00:00;0.00;G
1987-11-16;06:00:00;0.00;G
1987-11-17;06:00:00;0.00;G
1987-11-18;06:00:00;0.00;G
1987-11-19;06:00:00;0.00;G
1987-11-20;06:00:00;0.00;G
1987-11-21;06:00:00;0.00;G
1987-11-22;06:00:00;0.00;G
1987-11-23;06:00:00;0.00;G
1987-11-24;06:00:00;0.00;G
1987-11-25;06:00:00;0.00;G
1987-11-26;06:00:00;0.02;G
1987-11-27;06:00:00;0.00;G
1987-11-28;06:00:00;0.00;G
1987-11-29;06:00:00;0.03;G
1987-11-30;06:00:00;0.05;G
1987-12-01;06:00:00;0.05;G
1987-12-02;06:00:00;0.05;G
1987-12-03;06:00:00;0.04;G
1987-12-04;06:00:00;0.04;G
1987-12-05;06:00:00;0.04;Y
1987-12-06;06:00:00;0.04;Y
1987-12-07;06:00:00;0.05;G
1987-12-08;06:00:00;0.05;G
1987-12-09;06:00:00;0.05;Y
1987-12-10;06:00:00;0.04;G
1987-12-11;06:00:00;0.06;G
1987-12-12;06:00:00;0.05;G
1987-12-13;06:00:00;0.04;G
1987-12-14;06:00:00;0.04;G
1987-12-15;06:00:00;0.05;G
1987-12-16;06:00:00;0.03;G
1987-12-17;06:00:00;0.03;G
1987-12-18;06:00:00;0.03;G
1987-12-19;06:00:00;0.03;G
1987-12-20;06:00:00;0.02;G
1987-12-21;06:00:00;0.01;G
1987-12-22;06:00:00;0.00;G
1987-12-23;06:00:00;0.05;G
1987-12-24;06:00:00;0.05;G
1987-12-25;06:00:00;0.05;Y
1987-12-26;06:00:00;0.02;G
1987-12-27;06:00:00;0.00;G
1987-12-28;06:00:00;0.00;G
1987-12-29;06:00:00;0.00;G
1987-12-30;06:00:00;0.00;G
1987-12-31;06:00:00;0.00;G
1988-01-01;06:00:00;0.00;G
1988-01-02;06:00:00;0.00;G
1988-01-03;06:00:00;0.00;G
1988-01-04;06:00:00;0.00;G
1988-01-05;06:00:00;0.00;G
1988-01-06;06:00:00;0.00;G
1988-01-07;06:00:00;0.03;G
1988-01-08;06:00:00;0.06;Y
1988-01-09;06:00:00;0.05;G
1988-01-10;06:00:00;0.02;G
1988-01-11;06:00:00;0.00;G
1988-01-12;06:00:00;0.00;G
1988-01-13;06:00:00;0.00;G
1988-01-14;06:00:00;0.00;G
1988-01-15;06:00:00;0.00;G
1988-01-16;06:00:00;0.00;G
1988-01-17;06:00:00;0.00;G
1988-01-18;06:00:00;0.00;G
1988-01-19;06:00:00;0.00;G
1988-01-20;06:00:00;0.00;G
1988-01-21;06:00:00;0.00;G
1988-01-22;06:00:00;0.00;G
1988-01-23;06:00:00;0.00;G
1988-01-24;06:00:00;0.01;G
1988-01-25;06:00:00;0.00;G
1988-01-26;06:00:00;0.04;Y
1988-01-27;06:00:00;0.00;G
1988-01-28;06:00:00;0.01;G
1988-01-29;06:00:00;0.01;G
1988-01-30;06:00:00;0.07;G
1988-01-31;06:00:00;0.14;G
1988-02-01;06:00:00;0.15;G
1988-02-02;06:00:00;0.06;G
1988-02-03;06:00:00;0.03;G
1988-02-04;06:00:00;0.01;G
1988-02-05;06:00:00;0.01;G
1988-02-06;06:00:00;0.00;G
1988-02-07;06:00:00;0.00;G
1988-02-08;06:00:00;0.00;G
1988-02-09;06:00:00;0.00;G
1988-02-10;06:00:00;0.00;G
1988-02-11;06:00:00;0.00;G
1988-02-12;06:00:00;0.00;G
1988-02-13;06:00:00;0.00;G
1988-02-14;06:00:00;0.00;G
1988-02-15;06:00:00;0.00;G
1988-02-16;06:00:00;0.00;G
1988-02-17;06:00:00;0.00;G
1988-02-18;06:00:00;0.00;G
1988-02-19;06:00:00;0.03;G
1988-02-20;06:00:00;0.06;G
1988-02-21;06:00:00;0.07;G
1988-02-22;06:00:00;0.10;G
1988-02-23;06:00:00;0.13;G
1988-02-24;06:00:00;0.23;G
1988-02-25;06:00:00;0.35;G
1988-02-26;06:00:00;0.32;G
1988-02-27;06:00:00;0.34;G
1988-02-28;06:00:00;0.36;G
1988-02-29;06:00:00;0.34;G
1988-03-01;06:00:00;0.39;G
1988-03-02;06:00:00;0.40;G
1988-03-03;06:00:00;0.39;G
1988-03-04;06:00:00;0.39;G
1988-03-05;06:00:00;0.33;G
1988-03-06;06:00:00;0.30;G
1988-03-07;06:00:00;0.29;G
1988-03-08;06:00:00;0.34;G
1988-03-09;06:00:00;0.32;G
1988-03-10;06:00:00;0.30;G
1988-03-11;06:00:00;0.29;G
1988-03-12;06:00:00;0.28;G
1988-03-13;06:00:00;0.28;G
1988-03-14;06:00:00;0.25;G
1988-03-15;06:00:00;0.25;G
1988-03-16;06:00:00;0.25;G
1988-03-17;06:00:00;0.42;G
1988-03-18;06:00:00;0.45;G
1988-03-19;06:00:00;0.41;G
1988-03-20;06:00:00;0.37;G
1988-03-21;06:00:00;0.35;G
1988-03-22;06:00:00;0.36;G
1988-03-23;06:00:00;0.38;G
1988-03-24;06:00:00;0.30;G
1988-03-25;06:00:00;0.30;G
1988-03-26;06:00:00;0.31;G
1988-03-27;06:00:00;0.27;G
1988-03-28;06:00:00;0.25;G
1988-03-29;06:00:00;0.21;G
1988-03-30;06:00:00;0.18;G
1988-03-31;06:00:00;0.13;G
1988-04-01;06:00:00;0.12;G
1988-04-02;06:00:00;0.09;G
1988-04-03;06:00:00;0.06;G
1988-04-04;06:00:00;0.00;G
1988-04-05;06:00:00;0.00;G
1988-04-06;06:00:00;0.00;G
1988-04-07;06:00:00;0.00;G
1988-04-08;06:00:00;0.00;G
1988-04-09;06:00:00;0.00;G
1988-04-10;06:00:00;0.00;G
1988-04-11;06:00:00;0.02;G
1988-04-12;06:00:00;0.00;G
1988-04-13;06:00:00;0.00;G
1988-04-14;06:00:00;0.01;G
1988-04-15;06:00:00;0.00;G
1988-04-16;06:00:00;0.00;G
1988-04-17;06:00:00;0.00;G
1988-04-18;06:00:00;0.00;G
1988-04-19;06:00:00;0.00;G
1988-04-20;06:00:00;0.00;G
1988-04-21;06:00:00;0.00;G
1988-04-22;06:00:00;0.14;G
1988-04-23;06:00:00;0.04;G
1988-04-24;06:00:00;0.01;G
1988-04-25;06:00:00;0.01;G
1988-04-26;06:00:00;0.00;G
1988-04-27;06:00:00;0.00;G
1988-04-28;06:00:00;0.00;G
1988-04-29;06:00:00;0.00;G
1988-04-30;06:00:00;0.00;G
1988-05-01;06:00:00;0.00;G
1988-05-02;06:00:00;0.00;G
1988-05-03;06:00:00;0.00;G
1988-05-04;06:00:00;0.00;G
1988-05-05;06:00:00;0.00;G
1988-05-06;06:00:00;0.00;G
1988-05-07;06:00:00;0.00;G
1988-05-08;06:00:00;0.00;G
1988-05-09;06:00:00;0.00;G
1988-05-10;06:00:00;0.00;G
1988-05-11;06:00:00;0.00;G
1988-05-12;06:00:00;0.00;G
1988-05-13;06:00:00;0.00;G
1988-05-14;06:00:00;0.00;G
1988-05-15;06:00:00;0.00;G
1988-05-16;06:00:00;0.00;G
1988-05-17;06:00:00;0.00;G
1988-05-18;06:00:00;0.00;G
1988-05-19;06:00:00;0.00;G
1988-05-20;06:00:00;0.00;G
1988-05-21;06:00:00;0.00;G
1988-05-22;06:00:00;0.00;G
1988-05-23;06:00:00;0.00;G
1988-05-24;06:00:00;0.00;G
1988-05-25;06:00:00;0.00;G
1988-05-26;06:00:00;0.00;G
1988-05-27;06:00:00;0.00;G
1988-05-28;06:00:00;0.00;G
1988-05-29;06:00:00;0.00;G
1988-05-30;06:00:00;0.00;G
1988-06-01;06:00:00;0.00;G
1988-06-02;06:00:00;0.00;G
1988-06-03;06:00:00;0.00;G
1988-06-04;06:00:00;0.00;G
1988-06-05;06:00:00;0.00;G
1988-06-06;06:00:00;0.00;G
1988-06-07;06:00:00;0.00;G
1988-06-08;06:00:00;0.00;G
1988-06-09;06:00:00;0.00;G
1988-06-10;06:00:00;0.00;G
1988-06-11;06:00:00;0.00;G
1988-06-12;06:00:00;0.00;G
1988-06-13;06:00:00;0.00;G
1988-06-14;06:00:00;0.00;G
1988-06-15;06:00:00;0.00;G
1988-06-16;06:00:00;0.00;G
1988-06-17;06:00:00;0.00;G
1988-06-19;06:00:00;0.00;G
1988-06-20;06:00:00;0.00;G
1988-06-21;06:00:00;0.00;G
1988-06-22;06:00:00;0.00;G
1988-06-23;06:00:00;0.00;G
1988-06-24;06:00:00;0.00;G
1988-06-25;06:00:00;0.00;G
1988-06-26;06:00:00;0.00;G
1988-06-27;06:00:00;0.00;G
1988-06-28;06:00:00;0.00;G
1988-06-29;06:00:00;0.00;G
1988-06-30;06:00:00;0.00;G
1988-07-01;06:00:00;0.00;G
1988-07-02;06:00:00;0.00;G
1988-07-03;06:00:00;0.00;G
1988-07-04;06:00:00;0.00;G
1988-07-05;06:00:00;0.00;G
1988-07-06;06:00:00;0.00;G
1988-07-07;06:00:00;0.00;G
1988-07-08;06:00:00;0.00;G
1988-07-09;06:00:00;0.00;G
1988-07-10;06:00:00;0.00;G
1988-07-11;06:00:00;0.00;G
1988-07-12;06:00:00;0.00;G
1988-07-13;06:00:00;0.00;G
1988-07-14;06:00:00;0.00;G
1988-07-15;06:00:00;0.00;G
1988-07-16;06:00:00;0.00;G
1988-07-17;06:00:00;0.00;G
1988-07-18;06:00:00;0.00;G
1988-07-19;06:00:00;0.00;G
1988-07-20;06:00:00;0.00;G
1988-07-21;06:00:00;0.00;G
1988-07-22;06:00:00;0.00;G
1988-07-23;06:00:00;0.00;G
1988-07-24;06:00:00;0.00;G
1988-07-25;06:00:00;0.00;G
1988-07-26;06:00:00;0.00;G
1988-07-27;06:00:00;0.00;G
1988-07-28;06:00:00;0.00;G
1988-07-29;06:00:00;0.00;G
1988-07-30;06:00:00;0.00;G
1988-07-31;06:00:00;0.00;G
1988-08-01;06:00:00;0.00;G
1988-08-02;06:00:00;0.00;G
1988-08-03;06:00:00;0.00;G
1988-08-04;06:00:00;0.00;G
1988-08-05;06:00:00;0.00;G
1988-08-06;06:00:00;0.00;G
1988-08-07;06:00:00;0.00;G
1988-08-08;06:00:00;0.00;G
1988-08-09;06:00:00;0.00;G
1988-08-10;06:00:00;0.00;G
1988-08-11;06:00:00;0.00;G
1988-08-12;06:00:00;0.00;G
1988-08-13;06:00:00;0.00;G
1988-08-14;06:00:00;0.00;G
1988-08-15;06:00:00;0.00;G
1988-08-16;06:00:00;0.00;G
1988-08-17;06:00:00;0.00;G
1988-08-18;06:00:00;0.00;G
1988-08-19;06:00:00;0.00;G
1988-08-20;06:00:00;0.00;G
1988-08-21;06:00:00;0.00;G
1988-08-22;06:00:00;0.00;G
1988-08-23;06:00:00;0.00;G
1988-08-24;06:00:00;0.00;G
1988-08-25;06:00:00;0.00;G
1988-08-26;06:00:00;0.00;G
1988-08-27;06:00:00;0.00;G
1988-08-28;06:00:00;0.00;G
1988-08-29;06:00:00;0.00;G
1988-08-30;06:00:00;0.00;G
1988-08-31;06:00:00;0.00;G
1988-09-01;06:00:00;0.00;G
1988-09-02;06:00:00;0.00;G
1988-09-03;06:00:00;0.00;G
1988-09-04;06:00:00;0.00;G
1988-09-05;06:00:00;0.00;G
1988-09-06;06:00:00;0.00;G
1988-09-07;06:00:00;0.00;G
1988-09-08;06:00:00;0.00;G
1988-09-09;06:00:00;0.00;G
1988-09-10;06:00:00;0.00;G
1988-09-11;06:00:00;0.00;G
1988-09-12;06:00:00;0.00;G
1988-09-13;06:00:00;0.00;G
1988-09-14;06:00:00;0.00;G
1988-09-15;06:00:00;0.00;G
1988-09-16;06:00:00;0.00;G
1988-09-17;06:00:00;0.00;G
1988-09-18;06:00:00;0.00;G
1988-09-19;06:00:00;0.00;G
1988-09-20;06:00:00;0.00;G
1988-09-21;06:00:00;0.00;G
1988-09-22;06:00:00;0.00;G
1988-09-23;06:00:00;0.00;G
1988-09-24;06:00:00;0.00;G
1988-09-25;06:00:00;0.00;G
1988-09-26;06:00:00;0.00;G
1988-09-27;06:00:00;0.00;G
1988-09-28;06:00:00;0.00;G
1988-09-29;06:00:00;0.00;G
1988-09-30;06:00:00;0.00;G
1988-10-01;06:00:00;0.00;G
1988-10-02;06:00:00;0.00;G
1988-10-03;06:00:00;0.00;G
1988-10-04;06:00:00;0.00;G
1988-10-05;06:00:00;0.00;G
1988-10-06;06:00:00;0.00;G
1988-10-07;06:00:00;0.00;G
1988-10-08;06:00:00;0.00;G
1988-10-09;06:00:00;0.00;G
1988-10-10;06:00:00;0.00;G
1988-10-11;06:00:00;0.00;G
1988-10-12;06:00:00;0.00;G
1988-10-13;06:00:00;0.00;G
1988-10-14;06:00:00;0.00;G
1988-10-15;06:00:00;0.00;G
1988-10-16;06:00:00;0.00;G
1988-10-17;06:00:00;0.00;G
1988-10-18;06:00:00;0.00;G
1988-10-19;06:00:00;0.00;G
1988-10-20;06:00:00;0.00;G
1988-10-21;06:00:00;0.00;G
1988-10-22;06:00:00;0.00;G
1988-10-23;06:00:00;0.00;G
1988-10-24;06:00:00;0.00;G
1988-10-25;06:00:00;0.00;G
1988-10-26;06:00:00;0.00;G
1988-10-27;06:00:00;0.00;G
1988-10-28;06:00:00;0.00;G
1988-10-29;06:00:00;0.00;G
1988-10-30;06:00:00;0.00;G
1988-11-01;06:00:00;0.00;G
1988-11-02;06:00:00;0.00;G
1988-11-03;06:00:00;0.00;G
1988-11-04;06:00:00;0.00;G
1988-11-05;06:00:00;0.00;G
1988-11-06;06:00:00;0.00;G
1988-11-07;06:00:00;0.00;G
1988-11-08;06:00:00;0.00;G
1988-11-09;06:00:00;0.00;G
1988-11-10;06:00:00;0.00;G
1988-11-11;06:00:00;0.00;G
1988-11-12;06:00:00;0.00;G
1988-11-13;06:00:00;0.00;G
1988-11-14;06:00:00;0.00;G
1988-11-15;06:00:00;0.00;G
1988-11-16;06:00:00;0.00;G
1988-11-17;06:00:00;0.00;G
1988-11-18;06:00:00;0.00;G
1988-11-19;06:00:00;0.00;G
1988-11-20;06:00:00;0.00;G
1988-11-21;06:00:00;0.00;G
1988-11-22;06:00:00;0.00;G
1988-11-23;06:00:00;0.00;G
1988-11-24;06:00:00;0.00;G
1988-11-25;06:00:00;0.00;G
1988-11-26;06:00:00;0.00;G
1988-11-27;06:00:00;0.01;G
1988-11-28;06:00:00;0.01;G
1988-11-29;06:00:00;0.09;G
1988-11-30;06:00:00;0.12;G
1988-12-01;06:00:00;0.06;G
1988-12-02;06:00:00;0.06;G
1988-12-03;06:00:00;0.06;G
1988-12-04;06:00:00;0.06;G
1988-12-05;06:00:00;0.10;G
1988-12-06;06:00:00;0.10;G
1988-12-07;06:00:00;0.10;G
1988-12-08;06:00:00;0.10;G
1988-12-09;06:00:00;0.07;G
1988-12-10;06:00:00;0.07;G
1988-12-11;06:00:00;0.07;G
1988-12-12;06:00:00;0.23;Y
1988-12-13;06:00:00;0.21;G
1988-12-14;06:00:00;0.19;G
1988-12-15;06:00:00;0.18;G
1988-12-16;06:00:00;0.17;G
1988-12-17;06:00:00;0.15;G
1988-12-18;06:00:00;0.13;G
1988-12-19;06:00:00;0.19;G
1988-12-20;06:00:00;0.19;G
1988-12-21;06:00:00;0.14;G
1988-12-22;06:00:00;0.14;G
1988-12-23;06:00:00;0.13;G
1988-12-24;06:00:00;0.15;G
1988-12-25;06:00:00;0.17;G
1988-12-26;06:00:00;0.16;G
1988-12-27;06:00:00;0.15;G
1988-12-28;06:00:00;0.11;G
1988-12-29;06:00:00;0.05;G
1988-12-30;06:00:00;0.00;G
1988-12-31;06:00:00;0.00;G
1989-01-01;06:00:00;0.00;G
1989-01-02;06:00:00;0.00;G
1989-01-03;06:00:00;0.00;G
1989-01-04;06:00:00;0.00;G
1989-01-05;06:00:00;0.00;G
1989-01-06;06:00:00;0.00;G
1989-01-07;06:00:00;0.00;G
1989-01-08;06:00:00;0.00;G
1989-01-09;06:00:00;0.00;G
1989-01-10;06:00:00;0.00;G
1989-01-11;06:00:00;0.00;G
1989-01-12;06:00:00;0.00;G
1989-01-13;06:00:00;0.00;G
1989-01-14;06:00:00;0.00;G
1989-01-15;06:00:00;0.00;G
1989-01-16;06:00:00;0.00;G
1989-01-17;06:00:00;0.00;G
1989-01-18;06:00:00;0.00;G
1989-01-19;06:00:00;0.00;G
1989-01-20;06:00:00;0.00;G
1989-01-21;06:00:00;0.00;G
1989-01-22;06:00:00;0.00;G
1989-01-23;06:00:00;0.00;G
1989-01-24;06:00:00;0.00;G
1989-01-25;06:00:00;0.00;G
1989-01-26;06:00:00;0.00;G
1989-01-27;06:00:00;0.00;G
1989-01-28;06:00:00;0.00;G
1989-01-29;06:00:00;0.00;G
1989-01-30;06:00:00;0.00;G
1989-01-31;06:00:00;0.00;G
1989-02-01;06:00:00;0.00;G
1989-02-02;06:00:00;0.00;G
1989-02-03;06:00:00;0.00;G
1989-02-04;06:00:00;0.00;G
1989-02-05;06:00:00;0.00;G
1989-02-06;06:00:00;0.00;G
1989-02-07;06:00:00;0.00;G
1989-02-08;06:00:00;0.00;G
1989-02-09;06:00:00;0.00;G
1989-02-10;06:00:00;0.00;G
1989-02-11;06:00:00;0.00;G
1989-02-12;06:00:00;0.00;G
1989-02-13;06:00:00;0.00;G
1989-02-14;06:00:00;0.00;G
1989-02-15;06:00:00;0.00;G
1989-02-16;06:00:00;0.00;G
1989-02-17;06:00:00;0.03;G
1989-02-18;06:00:00;0.02;Y
1989-02-19;06:00:00;0.00;G
1989-02-20;06:00:00;0.00;G
1989-02-21;06:00:00;0.01;G
1989-02-22;06:00:00;0.00;G
1989-02-23;06:00:00;0.00;G
1989-02-24;06:00:00;0.00;G
1989-02-25;06:00:00;0.00;G
1989-02-26;06:00:00;0.00;G
1989-02-27;06:00:00;0.00;G
1989-02-28;06:00:00;0.00;G
1989-03-01;06:00:00;0.00;G
1989-03-02;06:00:00;0.00;G
1989-03-03;06:00:00;0.00;G
1989-03-04;06:00:00;0.00;G
1989-03-05;06:00:00;0.00;G
1989-03-06;06:00:00;0.00;G
1989-03-07;06:00:00;0.00;G
1989-03-08;06:00:00;0.00;G
1989-03-09;06:00:00;0.00;G
1989-03-10;06:00:00;0.00;G
1989-03-11;06:00:00;0.00;G
1989-03-12;06:00:00;0.00;G
1989-03-13;06:00:00;0.00;G
1989-03-14;06:00:00;0.00;G
1989-03-15;06:00:00;0.00;G
1989-03-16;06:00:00;0.00;G
1989-03-17;06:00:00;0.00;G
1989-03-18;06:00:00;0.00;G
1989-03-19;06:00:00;0.00;G
1989-03-20;06:00:00;0.00;G
1989-03-21;06:00:00;0.00;G
1989-03-22;06:00:00;0.00;G
1989-03-23;06:00:00;0.00;G
1989-03-24;06:00:00;0.00;G
1989-03-25;06:00:00;0.00;G
1989-03-26;06:00:00;0.00;G
1989-03-27;06:00:00;0.00;G
1989-03-28;06:00:00;0.00;G
1989-03-29;06:00:00;0.00;G
1989-03-30;06:00:00;0.00;G
1989-03-31;06:00:00;0.00;G
1989-04-01;06:00:00;0.00;G
1989-04-02;06:00:00;0.02;G
1989-04-03;06:00:00;0.03;G
1989-04-04;06:00:00;0.02;G
1989-04-05;06:00:00;0.00;G
1989-04-06;06:00:00;0.00;G
1989-04-07;06:00:00;0.00;G
1989-04-08;06:00:00;0.00;G
1989-04-09;06:00:00;0.00;G
1989-04-10;06:00:00;0.00;G
1989-04-11;06:00:00;0.00;G
1989-04-12;06:00:00;0.00;G
1989-04-13;06:00:00;0.00;G
1989-04-14;06:00:00;0.00;G
1989-04-15;06:00:00;0.00;G
1989-04-16;06:00:00;0.00;G
1989-04-17;06:00:00;0.00;G
1989-04-18;06:00:00;0.00;G
1989-04-19;06:00:00;0.00;G
1989-04-20;06:00:00;0.00;G
1989-04-21;06:00:00;0.00;G
1989-04-22;06:00:00;0.00;G
1989-04-23;06:00:00;0.00;G
1989-04-24;06:00:00;0.00;G
1989-04-25;06:00:00;0.00;G
1989-04-26;06:00:00;0.00;G
1989-04-27;06:00:00;0.00;G
1989-04-28;06:00:00;0.00;G
1989-04-29;06:00:00;0.00;G
1989-04-30;06:00:00;0.00;G
1989-05-01;06:00:00;0.00;G
1989-05-02;06:00:00;0.00;G
1989-05-03;06:00:00;0.00;G
1989-05-04;06:00:00;0.00;G
1989-05-05;06:00:00;0.00;G
1989-05-06;06:00:00;0.00;G
1989-05-07;06:00:00;0.00;G
1989-05-08;06:00:00;0.00;G
1989-05-09;06:00:00;0.00;G
1989-05-10;06:00:00;0.00;G
1989-05-11;06:00:00;0.00;G
1989-05-12;06:00:00;0.00;G
1989-05-13;06:00:00;0.00;G
1989-05-14;06:00:00;0.00;G
1989-05-15;06:00:00;0.00;G
1989-05-16;06:00:00;0.00;G
1989-05-17;06:00:00;0.00;G
1989-05-18;06:00:00;0.00;G
1989-05-19;06:00:00;0.00;G
1989-05-20;06:00:00;0.00;G
1989-05-21;06:00:00;0.00;G
1989-05-22;06:00:00;0.00;G
1989-05-23;06:00:00;0.00;G
1989-05-24;06:00:00;0.00;G
1989-05-25;06:00:00;0.00;G
1989-05-27;06:00:00;0.00;G
1989-05-28;06:00:00;0.00;G
1989-05-29;06:00:00;0.00;G
1989-05-30;06:00:00;0.00;G
1989-05-31;06:00:00;0.00;G
1989-06-01;06:00:00;0.00;G
1989-06-02;06:00:00;0.00;G
1989-06-03;06:00:00;0.00;G
1989-06-04;06:00:00;0.00;G
1989-06-05;06:00:00;0.00;G
1989-06-06;06:00:00;0.00;G
1989-06-07;06:00:00;0.00;G
1989-06-08;06:00:00;0.00;G
1989-06-09;06:00:00;0.00;G
1989-06-10;06:00:00;0.00;G
1989-06-11;06:00:00;0.00;G
1989-06-12;06:00:00;0.00;G
1989-06-13;06:00:00;0.00;G
1989-06-14;06:00:00;0.00;G
1989-06-15;06:00:00;0.00;G
1989-06-16;06:00:00;0.00;G
1989-06-17;06:00:00;0.00;G
1989-06-18;06:00:00;0.00;G
1989-06-19;06:00:00;0.00;G
1989-06-20;06:00:00;0.00;G
1989-06-21;06:00:00;0.00;G
1989-06-22;06:00:00;0.00;G
1989-06-23;06:00:00;0.00;G
1989-06-24;06:00:00;0.00;G
1989-06-25;06:00:00;0.00;G
1989-06-26;06:00:00;0.00;G
1989-06-30;06:00:00;0.00;G
1989-07-01;06:00:00;0.00;G
1989-07-02;06:00:00;0.00;G
1989-07-03;06:00:00;0.00;G
1989-07-04;06:00:00;0.00;G
1989-07-05;06:00:00;0.00;G
1989-07-06;06:00:00;0.00;G
1989-07-07;06:00:00;0.00;G
1989-07-08;06:00:00;0.00;G
1989-07-09;06:00:00;0.00;G
1989-07-10;06:00:00;0.00;G
1989-07-11;06:00:00;0.00;G
1989-07-12;06:00:00;0.00;G
1989-07-13;06:00:00;0.00;G
1989-07-14;06:00:00;0.00;G
1989-07-15;06:00:00;0.00;G
1989-07-16;06:00:00;0.00;G
1989-07-17;06:00:00;0.00;G
1989-07-18;06:00:00;0.00;G
1989-07-19;06:00:00;0.00;G
1989-07-20;06:00:00;0.00;G
1989-07-21;06:00:00;0.00;G
1989-07-22;06:00:00;0.00;G
1989-07-23;06:00:00;0.00;G
1989-07-24;06:00:00;0.00;G
1989-07-25;06:00:00;0.00;G
1989-07-26;06:00:00;0.00;G
1989-07-27;06:00:00;0.00;G
1989-07-28;06:00:00;0.00;G
1989-07-29;06:00:00;0.00;G
1989-07-30;06:00:00;0.00;G
1989-07-31;06:00:00;0.00;G
1989-08-01;06:00:00;0.00;G
1989-08-02;06:00:00;0.00;G
1989-08-03;06:00:00;0.00;G
1989-08-04;06:00:00;0.00;G
1989-08-05;06:00:00;0.00;G
1989-08-06;06:00:00;0.00;G
1989-08-07;06:00:00;0.00;G
1989-08-08;06:00:00;0.00;G
1989-08-09;06:00:00;0.00;G
1989-08-10;06:00:00;0.00;G
1989-08-11;06:00:00;0.00;G
1989-08-12;06:00:00;0.00;G
1989-08-13;06:00:00;0.00;G
1989-08-14;06:00:00;0.00;G
1989-08-15;06:00:00;0.00;G
1989-08-16;06:00:00;0.00;G
1989-08-17;06:00:00;0.00;G
1989-08-18;06:00:00;0.00;G
1989-08-19;06:00:00;0.00;G
1989-08-20;06:00:00;0.00;G
1989-08-21;06:00:00;0.00;G
1989-08-22;06:00:00;0.00;G
1989-08-24;06:00:00;0.00;G
1989-08-25;06:00:00;0.00;G
1989-08-26;06:00:00;0.00;G
1989-08-27;06:00:00;0.00;G
1989-08-28;06:00:00;0.00;G
1989-08-29;06:00:00;0.00;G
1989-08-30;06:00:00;0.00;G
1989-08-31;06:00:00;0.00;G
1989-09-01;06:00:00;0.00;G
1989-09-02;06:00:00;0.00;G
1989-09-03;06:00:00;0.00;G
1989-09-04;06:00:00;0.00;G
1989-09-05;06:00:00;0.00;G
1989-09-06;06:00:00;0.00;G
1989-09-07;06:00:00;0.00;G
1989-09-08;06:00:00;0.00;G
1989-09-09;06:00:00;0.00;G
1989-09-10;06:00:00;0.00;G
1989-09-11;06:00:00;0.00;G
1989-09-12;06:00:00;0.00;G
1989-09-13;06:00:00;0.00;G
1989-09-14;06:00:00;0.00;G
1989-09-15;06:00:00;0.00;G
1989-09-16;06:00:00;0.00;G
1989-09-17;06:00:00;0.00;G
1989-09-18;06:00:00;0.00;G
1989-09-19;06:00:00;0.00;G
1989-09-20;06:00:00;0.00;G
1989-09-21;06:00:00;0.00;G
1989-09-22;06:00:00;0.00;G
1989-09-23;06:00:00;0.00;G
1989-09-24;06:00:00;0.00;G
1989-09-25;06:00:00;0.00;G
1989-09-26;06:00:00;0.00;G
1989-09-27;06:00:00;0.00;G
1989-09-28;06:00:00;0.00;G
1989-09-29;06:00:00;0.00;G
1989-09-30;06:00:00;0.00;G
1989-10-01;06:00:00;0.00;G
1989-10-02;06:00:00;0.00;G
1989-10-03;06:00:00;0.00;G
1989-10-04;06:00:00;0.00;G
1989-10-05;06:00:00;0.00;G
1989-10-06;06:00:00;0.00;G
1989-10-07;06:00:00;0.00;G
1989-10-08;06:00:00;0.00;G
1989-10-09;06:00:00;0.00;G
1989-10-10;06:00:00;0.00;G
1989-10-11;06:00:00;0.00;G
1989-10-12;06:00:00;0.00;G
1989-10-13;06:00:00;0.00;G
1989-10-14;06:00:00;0.00;G
1989-10-15;06:00:00;0.00;G
1989-10-16;06:00:00;0.00;G
1989-10-17;06:00:00;0.00;G
1989-10-18;06:00:00;0.00;G
1989-10-19;06:00:00;0.00;G
1989-10-20;06:00:00;0.00;G
1989-10-21;06:00:00;0.00;G
1989-10-22;06:00:00;0.00;G
1989-10-23;06:00:00;0.00;G
1989-10-24;06:00:00;0.00;G
1989-10-25;06:00:00;0.00;G
1989-10-26;06:00:00;0.00;G
1989-10-27;06:00:00;0.00;G
1989-10-28;06:00:00;0.00;G
1989-10-29;06:00:00;0.00;G
1989-10-30;06:00:00;0.00;G
1989-10-31;06:00:00;0.00;G
1989-11-01;06:00:00;0.00;G
1989-11-02;06:00:00;0.00;G
1989-11-03;06:00:00;0.00;G
1989-11-04;06:00:00;0.00;G
1989-11-05;06:00:00;0.00;G
1989-11-06;06:00:00;0.00;G
1989-11-07;06:00:00;0.00;G
1989-11-08;06:00:00;0.00;G
1989-11-09;06:00:00;0.00;G
1989-11-10;06:00:00;0.00;G
1989-11-11;06:00:00;0.00;G
1989-11-12;06:00:00;0.00;G
1989-11-13;06:00:00;0.00;G
1989-11-14;06:00:00;0.00;G
1989-11-15;06:00:00;0.00;G
1989-11-16;06:00:00;0.00;G
1989-11-17;06:00:00;0.00;G
1989-11-18;06:00:00;0.00;G
1989-11-19;06:00:00;0.00;G
1989-11-20;06:00:00;0.00;G
1989-11-21;06:00:00;0.00;G
1989-11-22;06:00:00;0.00;G
1989-11-23;06:00:00;0.00;G
1989-11-24;06:00:00;0.00;G
1989-11-25;06:00:00;0.00;G
1989-11-26;06:00:00;0.00;G
1989-11-27;06:00:00;0.00;G
1989-11-28;06:00:00;0.01;G
1989-11-29;06:00:00;0.01;G
1989-11-30;06:00:00;0.03;Y
1989-12-01;06:00:00;0.06;G
1989-12-02;06:00:00;0.03;G
1989-12-03;06:00:00;0.02;G
1989-12-04;06:00:00;0.00;G
1989-12-05;06:00:00;0.00;G
1989-12-06;06:00:00;0.00;G
1989-12-07;06:00:00;0.00;G
1989-12-08;06:00:00;0.01;G
1989-12-09;06:00:00;0.01;G
1989-12-13;06:00:00;0.05;G
1989-12-14;06:00:00;0.05;G
1989-12-15;06:00:00;0.04;G
1989-12-16;06:00:00;0.04;G
1989-12-17;06:00:00;0.12;G
1989-12-18;06:00:00;0.10;G
1989-12-19;06:00:00;0.04;G
1989-12-20;06:00:00;0.00;G
1989-12-21;06:00:00;0.00;G
1989-12-22;06:00:00;0.00;G
1989-12-23;06:00:00;0.00;G
1989-12-24;06:00:00;0.00;G
1989-12-25;06:00:00;0.00;G
1989-12-26;06:00:00;0.00;G
1989-12-27;06:00:00;0.00;G
1989-12-28;06:00:00;0.00;G
1989-12-29;06:00:00;0.00;G
1989-12-30;06:00:00;0.00;G
1989-12-31;06:00:00;0.00;G
1990-01-01;06:00:00;0.00;G
1990-01-02;06:00:00;0.00;G
1990-01-08;06:00:00;0.00;G
1990-01-09;06:00:00;0.00;G
1990-01-10;06:00:00;0.00;G
1990-01-11;06:00:00;0.00;G
1990-01-12;06:00:00;0.00;G
1990-01-13;06:00:00;0.00;G
1990-01-14;06:00:00;0.00;G
1990-01-15;06:00:00;0.00;G
1990-01-16;06:00:00;0.00;G
1990-01-17;06:00:00;0.00;G
1990-01-18;06:00:00;0.00;G
1990-01-19;06:00:00;0.00;G
1990-01-20;06:00:00;0.00;G
1990-01-21;06:00:00;0.00;G
1990-01-22;06:00:00;0.00;G
1990-01-23;06:00:00;0.00;G
1990-01-24;06:00:00;0.00;G
1990-01-25;06:00:00;0.00;G
1990-01-26;06:00:00;0.00;G
1990-01-27;06:00:00;0.00;G
1990-01-28;06:00:00;0.00;G
1990-01-29;06:00:00;0.00;G
1990-01-30;06:00:00;0.00;G
1990-01-31;06:00:00;0.00;G
1990-02-01;06:00:00;0.00;G
1990-02-02;06:00:00;0.00;G
1990-02-03;06:00:00;0.00;G
1990-02-04;06:00:00;0.00;G
1990-02-05;06:00:00;0.00;G
1990-02-06;06:00:00;0.00;G
1990-02-07;06:00:00;0.00;G
1990-02-08;06:00:00;0.00;G
1990-02-09;06:00:00;0.00;G
1990-02-10;06:00:00;0.00;G
1990-02-11;06:00:00;0.00;G
1990-02-12;06:00:00;0.00;G
1990-02-13;06:00:00;0.00;G
1990-02-14;06:00:00;0.00;G
1990-02-15;06:00:00;0.00;G
1990-02-16;06:00:00;0.01;G
1990-02-17;06:00:00;0.00;G
1990-02-18;06:00:00;0.00;G
1990-02-19;06:00:00;0.00;G
1990-02-20;06:00:00;0.00;G
1990-02-21;06:00:00;0.00;G
1990-02-22;06:00:00;0.00;G
1990-02-23;06:00:00;0.00;G
1990-02-24;06:00:00;0.00;G
1990-02-25;06:00:00;0.00;G
1990-02-26;06:00:00;0.00;G
1990-02-27;06:00:00;0.00;G
1990-02-28;06:00:00;0.00;G
1990-03-01;06:00:00;0.00;G
1990-03-02;06:00:00;0.00;G
1990-03-03;06:00:00;0.00;G
1990-03-04;06:00:00;0.00;G
1990-03-05;06:00:00;0.00;G
1990-03-06;06:00:00;0.00;G
1990-03-07;06:00:00;0.00;G
1990-03-08;06:00:00;0.00;G
1990-03-09;06:00:00;0.00;G
1990-03-10;06:00:00;0.00;G
1990-03-11;06:00:00;0.00;G
1990-03-12;06:00:00;0.00;G
1990-03-13;06:00:00;0.00;G
1990-03-14;06:00:00;0.00;G
1990-03-15;06:00:00;0.00;G
1990-03-16;06:00:00;0.00;G
1990-03-17;06:00:00;0.00;G
1990-03-18;06:00:00;0.00;G
1990-03-19;06:00:00;0.00;G
1990-03-20;06:00:00;0.00;G
1990-03-21;06:00:00;0.00;G
1990-03-22;06:00:00;0.00;G
1990-03-23;06:00:00;0.00;G
1990-03-24;06:00:00;0.00;G
1990-03-25;06:00:00;0.00;G
1990-03-26;06:00:00;0.00;G
1990-03-27;06:00:00;0.00;G
1990-03-28;06:00:00;0.00;G
1990-03-29;06:00:00;0.00;G
1990-03-30;06:00:00;0.00;G
1990-03-31;06:00:00;0.00;G
1990-04-01;06:00:00;0.00;G
1990-04-02;06:00:00;0.00;G
1990-04-03;06:00:00;0.00;G
1990-04-04;06:00:00;0.00;G
1990-04-05;06:00:00;0.00;G
1990-04-06;06:00:00;0.00;G
1990-04-07;06:00:00;0.00;G
1990-04-08;06:00:00;0.00;G
1990-04-09;06:00:00;0.00;G
1990-04-10;06:00:00;0.00;G
1990-04-11;06:00:00;0.00;G
1990-04-12;06:00:00;0.00;G
1990-04-13;06:00:00;0.00;G
1990-04-14;06:00:00;0.00;G
1990-04-15;06:00:00;0.00;G
1990-04-16;06:00:00;0.00;G
1990-04-17;06:00:00;0.00;G
1990-04-18;06:00:00;0.00;G
1990-04-19;06:00:00;0.00;G
1990-04-20;06:00:00;0.00;G
1990-04-21;06:00:00;0.00;G
1990-04-22;06:00:00;0.00;G
1990-04-23;06:00:00;0.00;G
1990-04-24;06:00:00;0.00;G
1990-04-25;06:00:00;0.00;G
1990-04-26;06:00:00;0.00;G
1990-04-27;06:00:00;0.00;G
1990-04-28;06:00:00;0.00;G
1990-04-29;06:00:00;0.00;G
1990-04-30;06:00:00;0.00;G
1990-05-01;06:00:00;0.00;G
1990-05-02;06:00:00;0.00;G
1990-05-03;06:00:00;0.00;G
1990-05-04;06:00:00;0.00;G
1990-05-05;06:00:00;0.00;G
1990-05-06;06:00:00;0.00;G
1990-05-07;06:00:00;0.00;G
1990-05-08;06:00:00;0.00;G
1990-05-09;06:00:00;0.00;G
1990-05-10;06:00:00;0.00;G
1990-05-11;06:00:00;0.00;G
1990-05-12;06:00:00;0.00;G
1990-05-13;06:00:00;0.00;G
1990-05-14;06:00:00;0.00;G
1990-05-15;06:00:00;0.00;G
1990-05-16;06:00:00;0.00;G
1990-05-17;06:00:00;0.00;G
1990-05-18;06:00:00;0.00;G
1990-05-19;06:00:00;0.00;G
1990-05-20;06:00:00;0.00;G
1990-05-21;06:00:00;0.00;G
1990-05-22;06:00:00;0.00;G
1990-05-23;06:00:00;0.00;G
1990-05-24;06:00:00;0.00;G
1990-05-25;06:00:00;0.00;G
1990-05-26;06:00:00;0.00;G
1990-05-27;06:00:00;0.00;G
1990-05-28;06:00:00;0.00;G
1990-05-29;06:00:00;0.00;G
1990-05-30;06:00:00;0.00;G
1990-05-31;06:00:00;0.00;G
1990-06-01;06:00:00;0.00;G
1990-06-02;06:00:00;0.00;G
1990-06-03;06:00:00;0.00;G
1990-06-04;06:00:00;0.00;G
1990-06-05;06:00:00;0.00;G
1990-06-06;06:00:00;0.00;G
1990-06-07;06:00:00;0.00;G
1990-06-08;06:00:00;0.00;G
1990-06-09;06:00:00;0.00;G
1990-06-10;06:00:00;0.00;G
1990-06-11;06:00:00;0.00;G
1990-06-12;06:00:00;0.00;G
1990-06-13;06:00:00;0.00;G
1990-06-14;06:00:00;0.00;G
1990-06-15;06:00:00;0.00;G
1990-06-16;06:00:00;0.00;G
1990-06-17;06:00:00;0.00;G
1990-06-18;06:00:00;0.00;G
1990-06-19;06:00:00;0.00;G
1990-06-20;06:00:00;0.00;G
1990-06-21;06:00:00;0.00;G
1990-06-22;06:00:00;0.00;G
1990-06-23;06:00:00;0.00;G
1990-06-24;06:00:00;0.00;G
1990-06-25;06:00:00;0.00;G
1990-06-26;06:00:00;0.00;G
1990-06-27;06:00:00;0.00;G
1990-06-28;06:00:00;0.00;G
1990-06-29;06:00:00;0.00;G
1990-07-01;06:00:00;0.00;G
1990-07-02;06:00:00;0.00;G
1990-07-03;06:00:00;0.00;G
1990-07-04;06:00:00;0.00;G
1990-07-05;06:00:00;0.00;G
1990-07-06;06:00:00;0.00;G
1990-07-07;06:00:00;0.00;G
1990-07-08;06:00:00;0.00;G
1990-07-09;06:00:00;0.00;G
1990-07-10;06:00:00;0.00;G
1990-07-11;06:00:00;0.00;G
1990-07-12;06:00:00;0.00;G
1990-07-13;06:00:00;0.00;G
1990-07-14;06:00:00;0.00;G
1990-07-15;06:00:00;0.00;G
1990-07-16;06:00:00;0.00;G
1990-07-17;06:00:00;0.00;G
1990-07-18;06:00:00;0.00;G
1990-07-19;06:00:00;0.00;G
1990-07-20;06:00:00;0.00;G
1990-07-21;06:00:00;0.00;G
1990-07-22;06:00:00;0.00;G
1990-07-23;06:00:00;0.00;G
1990-07-24;06:00:00;0.00;G
1990-07-25;06:00:00;0.00;G
1990-07-26;06:00:00;0.00;G
1990-07-27;06:00:00;0.00;G
1990-07-28;06:00:00;0.00;G
1990-07-29;06:00:00;0.00;G
1990-07-30;06:00:00;0.00;G
1990-07-31;06:00:00;0.00;G
1990-08-01;06:00:00;0.00;G
1990-08-02;06:00:00;0.00;G
1990-08-03;06:00:00;0.00;G
1990-08-04;06:00:00;0.00;G
1990-08-06;06:00:00;0.00;G
1990-08-07;06:00:00;0.00;G
1990-08-08;06:00:00;0.00;G
1990-08-09;06:00:00;0.00;G
1990-08-10;06:00:00;0.00;G
1990-08-11;06:00:00;0.00;G
1990-08-12;06:00:00;0.00;G
1990-08-13;06:00:00;0.00;G
1990-08-14;06:00:00;0.00;G
1990-08-15;06:00:00;0.00;G
1990-08-16;06:00:00;0.00;G
1990-08-17;06:00:00;0.00;G
1990-08-18;06:00:00;0.00;G
1990-08-19;06:00:00;0.00;G
1990-08-20;06:00:00;0.00;G
1990-08-21;06:00:00;0.00;G
1990-08-22;06:00:00;0.00;G
1990-08-23;06:00:00;0.00;G
1990-08-24;06:00:00;0.00;G
1990-08-25;06:00:00;0.00;G
1990-08-26;06:00:00;0.00;G
1990-08-27;06:00:00;0.00;G
1990-08-28;06:00:00;0.00;G
1990-08-29;06:00:00;0.00;G
1990-08-30;06:00:00;0.00;G
1990-08-31;06:00:00;0.00;G
1990-09-01;06:00:00;0.00;G
1990-09-02;06:00:00;0.00;G
1990-09-03;06:00:00;0.00;G
1990-09-04;06:00:00;0.00;G
1990-09-05;06:00:00;0.00;G
1990-09-06;06:00:00;0.00;G
1990-09-07;06:00:00;0.00;G
1990-09-08;06:00:00;0.00;G
1990-09-09;06:00:00;0.00;G
1990-09-10;06:00:00;0.00;G
1990-09-11;06:00:00;0.00;G
1990-09-12;06:00:00;0.00;G
1990-09-13;06:00:00;0.00;G
1990-09-14;06:00:00;0.00;G
1990-09-15;06:00:00;0.00;G
1990-09-16;06:00:00;0.00;G
1990-09-17;06:00:00;0.00;G
1990-09-18;06:00:00;0.00;G
1990-09-19;06:00:00;0.00;G
1990-09-20;06:00:00;0.00;G
1990-09-21;06:00:00;0.00;G
1990-09-22;06:00:00;0.00;G
1990-09-23;06:00:00;0.00;G
1990-09-24;06:00:00;0.00;G
1990-09-25;06:00:00;0.00;G
1990-09-26;06:00:00;0.00;G
1990-09-27;06:00:00;0.00;G
1990-09-28;06:00:00;0.00;G
1990-09-29;06:00:00;0.00;G
1990-09-30;06:00:00;0.00;G
1990-10-01;06:00:00;0.00;G
1990-10-02;06:00:00;0.00;G
1990-10-03;06:00:00;0.00;G
1990-10-04;06:00:00;0.00;G
1990-10-05;06:00:00;0.00;G
1990-10-06;06:00:00;0.00;G
1990-10-07;06:00:00;0.00;G
1990-10-08;06:00:00;0.00;G
1990-10-09;06:00:00;0.00;G
1990-10-10;06:00:00;0.00;G
1990-10-11;06:00:00;0.00;G
1990-10-12;06:00:00;0.00;G
1990-10-13;06:00:00;0.00;G
1990-10-14;06:00:00;0.00;G
1990-10-15;06:00:00;0.00;G
1990-10-16;06:00:00;0.00;G
1990-10-17;06:00:00;0.00;G
1990-10-18;06:00:00;0.00;G
1990-10-19;06:00:00;0.00;G
1990-10-20;06:00:00;0.00;G
1990-10-21;06:00:00;0.00;G
1990-10-22;06:00:00;0.00;G
1990-10-23;06:00:00;0.00;G
1990-10-24;06:00:00;0.00;G
1990-10-25;06:00:00;0.00;G
1990-10-26;06:00:00;0.00;G
1990-10-27;06:00:00;0.00;G
1990-10-28;06:00:00;0.00;G
1990-10-29;06:00:00;0.00;G
1990-10-30;06:00:00;0.00;G
1990-10-31;06:00:00;0.00;G
1990-11-01;06:00:00;0.00;G
1990-11-02;06:00:00;0.00;G
1990-11-03;06:00:00;0.00;G
1990-11-04;06:00:00;0.00;G
1990-11-05;06:00:00;0.00;G
1990-11-06;06:00:00;0.00;G
1990-11-07;06:00:00;0.00;G
1990-11-08;06:00:00;0.00;G
1990-11-09;06:00:00;0.00;G
1990-11-10;06:00:00;0.00;G
1990-11-11;06:00:00;0.00;G
1990-11-12;06:00:00;0.00;G
1990-11-13;06:00:00;0.00;G
1990-11-14;06:00:00;0.00;G
1990-11-15;06:00:00;0.00;G
1990-11-16;06:00:00;0.00;G
1990-11-17;06:00:00;0.00;G
1990-11-18;06:00:00;0.00;G
1990-11-19;06:00:00;0.00;G
1990-11-20;06:00:00;0.00;G
1990-11-21;06:00:00;0.01;G
1990-11-22;06:00:00;0.08;G
1990-11-23;06:00:00;0.07;G
1990-11-24;06:00:00;0.05;G
1990-11-25;06:00:00;0.04;G
1990-11-26;06:00:00;0.01;G
1990-11-27;06:00:00;0.01;G
1990-11-28;06:00:00;0.01;G
1990-11-29;06:00:00;0.01;G
1990-11-30;06:00:00;0.00;G
1990-12-01;06:00:00;0.00;G
1990-12-02;06:00:00;0.00;G
1990-12-03;06:00:00;0.00;G
1990-12-04;06:00:00;0.00;G
1990-12-05;06:00:00;0.00;G
1990-12-06;06:00:00;0.00;G
1990-12-07;06:00:00;0.00;G
1990-12-08;06:00:00;0.00;G
1990-12-09;06:00:00;0.00;G
1990-12-10;06:00:00;0.00;G
1990-12-11;06:00:00;0.00;G
1990-12-12;06:00:00;0.00;G
1990-12-13;06:00:00;0.00;G
1990-12-14;06:00:00;0.00;G
1990-12-15;06:00:00;0.00;G
1990-12-16;06:00:00;0.00;G
1990-12-17;06:00:00;0.00;G
1990-12-18;06:00:00;0.00;G
1990-12-19;06:00:00;0.00;G
1990-12-20;06:00:00;0.00;G
1990-12-21;06:00:00;0.14;G
1990-12-22;06:00:00;0.13;G
1990-12-23;06:00:00;0.09;G
1990-12-24;06:00:00;0.00;G
1990-12-25;06:00:00;0.00;G
1990-12-26;06:00:00;0.00;G
1990-12-27;06:00:00;0.00;G
1990-12-28;06:00:00;0.00;G
1990-12-29;06:00:00;0.00;G
1990-12-30;06:00:00;0.00;G
1990-12-31;06:00:00;0.00;G
1991-01-01;06:00:00;0.00;G
1991-01-02;06:00:00;0.00;G
1991-01-03;06:00:00;0.00;G
1991-01-04;06:00:00;0.00;G
1991-01-05;06:00:00;0.00;G
1991-01-06;06:00:00;0.00;G
1991-01-07;06:00:00;0.00;G
1991-01-08;06:00:00;0.00;G
1991-01-09;06:00:00;0.00;G
1991-01-10;06:00:00;0.00;G
1991-01-11;06:00:00;0.00;G
1991-01-12;06:00:00;0.00;G
1991-01-13;06:00:00;0.00;G
1991-01-14;06:00:00;0.00;G
1991-01-15;06:00:00;0.00;G
1991-01-16;06:00:00;0.00;G
1991-01-17;06:00:00;0.00;G
1991-01-18;06:00:00;0.00;G
1991-01-19;06:00:00;0.00;G
1991-01-20;06:00:00;0.00;G
1991-01-21;06:00:00;0.00;G
1991-01-22;06:00:00;0.00;G
1991-01-23;06:00:00;0.00;G
1991-01-24;06:00:00;0.00;G
1991-01-25;06:00:00;0.00;G
1991-01-26;06:00:00;0.00;G
1991-01-27;06:00:00;0.00;G
1991-01-28;06:00:00;0.00;G
1991-01-29;06:00:00;0.00;G
1991-01-30;06:00:00;0.01;G
1991-01-31;06:00:00;0.01;G
1991-02-01;06:00:00;0.01;G
1991-02-02;06:00:00;0.01;G
1991-02-03;06:00:00;0.08;G
1991-02-04;06:00:00;0.07;G
1991-02-05;06:00:00;0.06;G
1991-02-06;06:00:00;0.06;G
1991-02-07;06:00:00;0.05;G
1991-02-08;06:00:00;0.05;G
1991-02-09;06:00:00;0.06;G
1991-02-10;06:00:00;0.12;G
1991-02-11;06:00:00;0.12;G
1991-02-12;06:00:00;0.16;G
1991-02-13;06:00:00;0.26;G
1991-02-14;06:00:00;0.29;G
1991-02-15;06:00:00;0.29;G
1991-02-16;06:00:00;0.24;G
1991-02-17;06:00:00;0.22;G
1991-02-18;06:00:00;0.22;G
1991-02-19;06:00:00;0.19;G
1991-02-20;06:00:00;0.17;G
1991-02-21;06:00:00;0.11;G
1991-02-22;06:00:00;0.08;G
1991-02-23;06:00:00;0.06;G
1991-02-24;06:00:00;0.02;G
1991-02-25;06:00:00;0.00;G
1991-02-26;06:00:00;0.00;G
1991-02-27;06:00:00;0.00;G
1991-02-28;06:00:00;0.01;G
1991-03-01;06:00:00;0.02;G
1991-03-02;06:00:00;0.02;G
1991-03-03;06:00:00;0.02;Y
1991-03-04;06:00:00;0.02;G
1991-03-05;06:00:00;0.00;G
1991-03-06;06:00:00;0.00;G
1991-03-07;06:00:00;0.00;G
1991-03-08;06:00:00;0.00;G
1991-03-09;06:00:00;0.00;G
1991-03-10;06:00:00;0.00;G
1991-03-11;06:00:00;0.00;G
1991-03-12;06:00:00;0.00;G
1991-03-13;06:00:00;0.00;G
1991-03-14;06:00:00;0.00;G
1991-03-15;06:00:00;0.00;G
1991-03-16;06:00:00;0.00;G
1991-03-17;06:00:00;0.00;G
1991-03-18;06:00:00;0.00;G
1991-03-19;06:00:00;0.00;G
1991-03-20;06:00:00;0.00;G
1991-03-21;06:00:00;0.00;G
1991-03-22;06:00:00;0.00;G
1991-03-23;06:00:00;0.00;G
1991-03-24;06:00:00;0.00;G
1991-03-25;06:00:00;0.00;G
1991-03-26;06:00:00;0.00;G
1991-03-27;06:00:00;0.00;G
1991-03-28;06:00:00;0.00;G
1991-03-29;06:00:00;0.00;G
1991-03-30;06:00:00;0.00;G
1991-03-31;06:00:00;0.00;G
1991-04-01;06:00:00;0.00;G
1991-04-02;06:00:00;0.00;G
1991-04-03;06:00:00;0.00;G
1991-04-04;06:00:00;0.00;G
1991-04-05;06:00:00;0.00;G
1991-04-06;06:00:00;0.00;G
1991-04-07;06:00:00;0.00;G
1991-04-08;06:00:00;0.00;G
1991-04-09;06:00:00;0.00;G
1991-04-10;06:00:00;0.00;G
1991-04-11;06:00:00;0.00;G
1991-04-12;06:00:00;0.00;G
1991-04-13;06:00:00;0.00;G
1991-04-14;06:00:00;0.00;G
1991-04-15;06:00:00;0.00;G
1991-04-16;06:00:00;0.00;G
1991-04-17;06:00:00;0.00;G
1991-04-18;06:00:00;0.00;G
1991-04-19;06:00:00;0.01;G
1991-04-20;06:00:00;0.00;G
1991-04-21;06:00:00;0.00;G
1991-04-22;06:00:00;0.00;G
1991-04-23;06:00:00;0.00;G
1991-04-24;06:00:00;0.00;G
1991-04-25;06:00:00;0.00;G
1991-04-26;06:00:00;0.00;G
1991-04-27;06:00:00;0.00;G
1991-04-28;06:00:00;0.00;G
1991-04-29;06:00:00;0.00;G
1991-04-30;06:00:00;0.00;G
1991-05-01;06:00:00;0.00;G
1991-05-02;06:00:00;0.00;G
1991-05-03;06:00:00;0.00;G
1991-05-04;06:00:00;0.00;G
1991-05-05;06:00:00;0.00;G
1991-05-06;06:00:00;0.00;G
1991-05-07;06:00:00;0.00;G
1991-05-08;06:00:00;0.00;G
1991-05-09;06:00:00;0.00;G
1991-05-10;06:00:00;0.00;G
1991-05-11;06:00:00;0.00;G
1991-05-12;06:00:00;0.00;G
1991-05-13;06:00:00;0.00;G
1991-05-14;06:00:00;0.00;G
1991-05-15;06:00:00;0.00;G
1991-05-16;06:00:00;0.00;G
1991-05-17;06:00:00;0.00;G
1991-05-18;06:00:00;0.00;G
1991-05-19;06:00:00;0.00;G
1991-05-20;06:00:00;0.00;G
1991-05-21;06:00:00;0.00;G
1991-05-22;06:00:00;0.00;G
1991-05-23;06:00:00;0.00;G
1991-05-24;06:00:00;0.00;G
1991-05-25;06:00:00;0.00;G
1991-05-26;06:00:00;0.00;G
1991-05-27;06:00:00;0.00;G
1991-05-28;06:00:00;0.00;G
1991-05-29;06:00:00;0.00;G
1991-05-30;06:00:00;0.00;G
1991-05-31;06:00:00;0.00;G
1991-06-01;06:00:00;0.00;G
1991-06-02;06:00:00;0.00;G
1991-06-03;06:00:00;0.00;G
1991-06-04;06:00:00;0.00;G
1991-06-05;06:00:00;0.00;G
1991-06-06;06:00:00;0.00;G
1991-06-07;06:00:00;0.00;G
1991-06-08;06:00:00;0.00;G
1991-06-09;06:00:00;0.00;G
1991-06-10;06:00:00;0.00;G
1991-06-11;06:00:00;0.00;G
1991-06-12;06:00:00;0.00;G
1991-06-13;06:00:00;0.00;G
1991-06-14;06:00:00;0.00;G
1991-06-15;06:00:00;0.00;G
1991-06-16;06:00:00;0.00;G
1991-06-17;06:00:00;0.00;G
1991-06-18;06:00:00;0.00;G
1991-06-19;06:00:00;0.00;G
1991-06-20;06:00:00;0.00;G
1991-06-21;06:00:00;0.00;G
1991-06-22;06:00:00;0.00;G
1991-06-23;06:00:00;0.00;G
1991-06-24;06:00:00;0.00;G
1991-06-25;06:00:00;0.00;G
1991-06-26;06:00:00;0.00;G
1991-06-27;06:00:00;0.00;G
1991-06-28;06:00:00;0.00;G
1991-06-29;06:00:00;0.00;G
1991-06-30;06:00:00;0.00;G
1991-07-01;06:00:00;0.00;G
1991-07-02;06:00:00;0.00;G
1991-07-03;06:00:00;0.00;G
1991-07-04;06:00:00;0.00;G
1991-07-05;06:00:00;0.00;G
1991-07-06;06:00:00;0.00;G
1991-07-07;06:00:00;0.00;G
1991-07-08;06:00:00;0.00;G
1991-07-09;06:00:00;0.00;G
1991-07-10;06:00:00;0.00;G
1991-07-11;06:00:00;0.00;G
1991-07-12;06:00:00;0.00;G
1991-07-13;06:00:00;0.00;G
1991-07-14;06:00:00;0.00;G
1991-07-15;06:00:00;0.00;G
1991-07-16;06:00:00;0.00;G
1991-07-17;06:00:00;0.00;G
1991-07-18;06:00:00;0.00;G
1991-07-19;06:00:00;0.00;G
1991-07-20;06:00:00;0.00;G
1991-07-21;06:00:00;0.00;G
1991-07-22;06:00:00;0.00;G
1991-07-23;06:00:00;0.00;G
1991-07-24;06:00:00;0.00;G
1991-07-25;06:00:00;0.00;G
1991-07-26;06:00:00;0.00;G
1991-07-27;06:00:00;0.00;G
1991-07-28;06:00:00;0.00;G
1991-07-29;06:00:00;0.00;G
1991-07-30;06:00:00;0.00;G
1991-07-31;06:00:00;0.00;G
1991-08-01;06:00:00;0.00;G
1991-08-02;06:00:00;0.00;G
1991-08-03;06:00:00;0.00;G
1991-08-04;06:00:00;0.00;G
1991-08-05;06:00:00;0.00;G
1991-08-06;06:00:00;0.00;G
1991-08-07;06:00:00;0.00;G
1991-08-08;06:00:00;0.00;G
1991-08-09;06:00:00;0.00;G
1991-08-10;06:00:00;0.00;G
1991-08-11;06:00:00;0.00;G
1991-08-12;06:00:00;0.00;G
1991-08-13;06:00:00;0.00;G
1991-08-14;06:00:00;0.00;G
1991-08-15;06:00:00;0.00;G
1991-08-16;06:00:00;0.00;G
1991-08-17;06:00:00;0.00;G
1991-08-18;06:00:00;0.00;G
1991-08-19;06:00:00;0.00;G
1991-08-20;06:00:00;0.00;G
1991-08-21;06:00:00;0.00;G
1991-08-22;06:00:00;0.00;G
1991-08-23;06:00:00;0.00;G
1991-08-24;06:00:00;0.00;G
1991-08-25;06:00:00;0.00;G
1991-08-26;06:00:00;0.00;G
1991-08-27;06:00:00;0.00;G
1991-08-28;06:00:00;0.00;G
1991-08-29;06:00:00;0.00;G
1991-08-30;06:00:00;0.00;G
1991-08-31;06:00:00;0.00;G
1991-09-01;06:00:00;0.00;G
1991-09-02;06:00:00;0.00;G
1991-09-03;06:00:00;0.00;G
1991-09-04;06:00:00;0.00;G
1991-09-05;06:00:00;0.00;G
1991-09-06;06:00:00;0.00;G
1991-09-07;06:00:00;0.00;G
1991-09-08;06:00:00;0.00;G
1991-09-09;06:00:00;0.00;G
1991-09-10;06:00:00;0.00;G
1991-09-11;06:00:00;0.00;G
1991-09-12;06:00:00;0.00;G
1991-09-13;06:00:00;0.00;G
1991-09-14;06:00:00;0.00;G
1991-09-15;06:00:00;0.00;G
1991-09-16;06:00:00;0.00;G
1991-09-17;06:00:00;0.00;G
1991-09-18;06:00:00;0.00;G
1991-09-19;06:00:00;0.00;G
1991-09-20;06:00:00;0.00;G
1991-09-21;06:00:00;0.00;G
1991-09-22;06:00:00;0.00;G
1991-09-23;06:00:00;0.00;G
1991-09-24;06:00:00;0.00;G
1991-09-25;06:00:00;0.00;G
1991-09-26;06:00:00;0.00;G
1991-09-27;06:00:00;0.00;G
1991-09-28;06:00:00;0.00;G
1991-09-29;06:00:00;0.00;G
1991-09-30;06:00:00;0.00;G
1991-10-01;06:00:00;0.00;G
1991-10-02;06:00:00;0.00;G
1991-10-03;06:00:00;0.00;G
1991-10-04;06:00:00;0.00;G
1991-10-05;06:00:00;0.00;G
1991-10-06;06:00:00;0.00;G
1991-10-07;06:00:00;0.00;G
1991-10-09;06:00:00;0.00;G
1991-10-10;06:00:00;0.00;G
1991-10-11;06:00:00;0.00;G
1991-10-12;06:00:00;0.00;G
1991-10-13;06:00:00;0.00;G
1991-10-14;06:00:00;0.00;G
1991-10-15;06:00:00;0.00;G
1991-10-16;06:00:00;0.00;G
1991-10-17;06:00:00;0.00;G
1991-10-18;06:00:00;0.00;G
1991-10-19;06:00:00;0.00;G
1991-10-21;06:00:00;0.00;G
1991-10-22;06:00:00;0.00;G
1991-10-23;06:00:00;0.00;G
1991-10-24;06:00:00;0.00;G
1991-10-25;06:00:00;0.00;G
1991-10-26;06:00:00;0.00;G
1991-10-27;06:00:00;0.00;G
1991-10-28;06:00:00;0.00;G
1991-10-29;06:00:00;0.00;G
1991-10-30;06:00:00;0.00;G
1991-10-31;06:00:00;0.00;G
1991-11-01;06:00:00;0.00;G
1991-11-02;06:00:00;0.00;G
1991-11-03;06:00:00;0.00;G
1991-11-04;06:00:00;0.00;G
1991-11-05;06:00:00;0.00;G
1991-11-06;06:00:00;0.00;G
1991-11-07;06:00:00;0.00;G
1991-11-08;06:00:00;0.00;G
1991-11-09;06:00:00;0.00;G
1991-11-10;06:00:00;0.00;G
1991-11-11;06:00:00;0.00;G
1991-11-12;06:00:00;0.00;G
1991-11-13;06:00:00;0.00;G
1991-11-14;06:00:00;0.00;G
1991-11-15;06:00:00;0.00;G
1991-11-16;06:00:00;0.00;G
1991-11-17;06:00:00;0.00;G
1991-11-18;06:00:00;0.00;G
1991-11-19;06:00:00;0.00;G
1991-11-20;06:00:00;0.00;G
1991-11-21;06:00:00;0.00;G
1991-11-22;06:00:00;0.00;G
1991-11-23;06:00:00;0.00;G
1991-11-24;06:00:00;0.00;G
1991-11-25;06:00:00;0.00;G
1991-11-26;06:00:00;0.00;G
1991-11-27;06:00:00;0.00;G
1991-11-28;06:00:00;0.00;G
1991-11-29;06:00:00;0.00;G
1991-11-30;06:00:00;0.00;G
1991-12-01;06:00:00;0.00;G
1991-12-02;06:00:00;0.00;G
1991-12-03;06:00:00;0.00;G
1991-12-04;06:00:00;0.00;G
1991-12-05;06:00:00;0.00;G
1991-12-06;06:00:00;0.00;G
1991-12-07;06:00:00;0.00;G
1991-12-08;06:00:00;0.01;G
1991-12-09;06:00:00;0.00;G
1991-12-10;06:00:00;0.00;G
1991-12-11;06:00:00;0.00;G
1991-12-12;06:00:00;0.00;G
1991-12-13;06:00:00;0.00;G
1991-12-14;06:00:00;0.00;G
1991-12-15;06:00:00;0.00;G
1991-12-16;06:00:00;0.00;G
1991-12-17;06:00:00;0.00;G
1991-12-18;06:00:00;0.00;G
1991-12-19;06:00:00;0.00;G
1991-12-20;06:00:00;0.00;G
1991-12-21;06:00:00;0.00;G
1991-12-22;06:00:00;0.01;G
1991-12-23;06:00:00;0.00;G
1991-12-24;06:00:00;0.00;G
1991-12-25;06:00:00;0.00;G
1991-12-26;06:00:00;0.05;G
1991-12-27;06:00:00;0.01;G
1991-12-28;06:00:00;0.01;G
1991-12-29;06:00:00;0.00;G
1991-12-30;06:00:00;0.00;G
1991-12-31;06:00:00;0.00;G
1992-01-01;06:00:00;0.00;G
1992-01-02;06:00:00;0.00;G
1992-01-03;06:00:00;0.00;G
1992-01-04;06:00:00;0.00;G
1992-01-05;06:00:00;0.00;G
1992-01-06;06:00:00;0.00;G
1992-01-07;06:00:00;0.01;G
1992-01-08;06:00:00;0.00;G
1992-01-09;06:00:00;0.00;G
1992-01-10;06:00:00;0.00;G
1992-01-11;06:00:00;0.00;G
1992-01-12;06:00:00;0.00;G
1992-01-13;06:00:00;0.00;G
1992-01-14;06:00:00;0.00;G
1992-01-15;06:00:00;0.00;G
1992-01-16;06:00:00;0.00;G
1992-01-17;06:00:00;0.00;G
1992-01-18;06:00:00;0.00;G
1992-01-19;06:00:00;0.02;G
1992-01-20;06:00:00;0.04;G
1992-01-21;06:00:00;0.04;G
1992-01-22;06:00:00;0.02;G
1992-01-23;06:00:00;0.02;G
1992-01-24;06:00:00;0.02;G
1992-01-25;06:00:00;0.02;G
1992-01-26;06:00:00;0.02;G
1992-01-27;06:00:00;0.02;G
1992-01-28;06:00:00;0.01;G
1992-01-29;06:00:00;0.00;G
1992-01-30;06:00:00;0.00;G
1992-01-31;06:00:00;0.00;G
1992-02-01;06:00:00;0.00;G
1992-02-02;06:00:00;0.00;G
1992-02-03;06:00:00;0.00;G
1992-02-04;06:00:00;0.01;G
1992-02-05;06:00:00;0.01;G
1992-02-06;06:00:00;0.01;G
1992-02-07;06:00:00;0.02;G
1992-02-08;06:00:00;0.00;G
1992-02-09;06:00:00;0.00;G
1992-02-10;06:00:00;0.00;G
1992-02-11;06:00:00;0.00;G
1992-02-12;06:00:00;0.00;G
1992-02-13;06:00:00;0.00;G
1992-02-14;06:00:00;0.00;G
1992-02-15;06:00:00;0.00;G
1992-02-16;06:00:00;0.19;G
1992-02-17;06:00:00;0.19;G
1992-02-18;06:00:00;0.18;G
1992-02-19;06:00:00;0.16;G
1992-02-20;06:00:00;0.14;G
1992-02-21;06:00:00;0.13;G
1992-02-22;06:00:00;0.12;G
1992-02-23;06:00:00;0.07;G
1992-02-24;06:00:00;0.00;G
1992-02-25;06:00:00;0.00;G
1992-02-26;06:00:00;0.00;G
1992-02-27;06:00:00;0.00;G
1992-02-28;06:00:00;0.00;G
1992-02-29;06:00:00;0.00;G
1992-03-01;06:00:00;0.00;G
1992-03-02;06:00:00;0.00;G
1992-03-03;06:00:00;0.00;G
1992-03-04;06:00:00;0.00;G
1992-03-05;06:00:00;0.00;G
1992-03-06;06:00:00;0.00;G
1992-03-07;06:00:00;0.00;G
1992-03-08;06:00:00;0.00;G
1992-03-09;06:00:00;0.00;G
1992-03-10;06:00:00;0.00;G
1992-03-11;06:00:00;0.00;G
1992-03-12;06:00:00;0.00;G
1992-03-13;06:00:00;0.00;G
1992-03-14;06:00:00;0.02;G
1992-03-15;06:00:00;0.00;G
1992-03-16;06:00:00;0.00;G
1992-03-17;06:00:00;0.00;G
1992-03-18;06:00:00;0.00;G
1992-03-19;06:00:00;0.00;G
1992-03-20;06:00:00;0.00;G
1992-03-21;06:00:00;0.00;G
1992-03-22;06:00:00;0.00;G
1992-03-23;06:00:00;0.00;G
1992-03-24;06:00:00;0.00;G
1992-03-25;06:00:00;0.00;G
1992-03-26;06:00:00;0.00;G
1992-03-27;06:00:00;0.00;G
1992-03-28;06:00:00;0.00;G
1992-03-29;06:00:00;0.02;G
1992-03-30;06:00:00;0.00;G
1992-03-31;06:00:00;0.00;G
1992-04-01;06:00:00;0.00;G
1992-04-02;06:00:00;0.00;G
1992-04-03;06:00:00;0.00;G
1992-04-04;06:00:00;0.00;G
1992-04-05;06:00:00;0.00;G
1992-04-06;06:00:00;0.00;G
1992-04-07;06:00:00;0.00;G
1992-04-08;06:00:00;0.00;G
1992-04-09;06:00:00;0.00;G
1992-04-10;06:00:00;0.00;G
1992-04-11;06:00:00;0.00;G
1992-04-12;06:00:00;0.00;G
1992-04-13;06:00:00;0.00;G
1992-04-14;06:00:00;0.00;G
1992-04-15;06:00:00;0.00;G
1992-04-16;06:00:00;0.14;G
1992-04-17;06:00:00;0.09;G
1992-04-18;06:00:00;0.04;G
1992-04-19;06:00:00;0.00;G
1992-04-20;06:00:00;0.00;G
1992-04-21;06:00:00;0.00;G
1992-04-22;06:00:00;0.00;G
1992-04-23;06:00:00;0.00;G
1992-04-24;06:00:00;0.00;G
1992-04-25;06:00:00;0.00;G
1992-04-26;06:00:00;0.00;G
1992-04-27;06:00:00;0.00;G
1992-04-28;06:00:00;0.00;G
1992-04-29;06:00:00;0.00;G
1992-04-30;06:00:00;0.00;G
1992-05-01;06:00:00;0.00;G
1992-05-02;06:00:00;0.00;G
1992-05-03;06:00:00;0.00;G
1992-05-04;06:00:00;0.00;G
1992-05-05;06:00:00;0.00;G
1992-05-06;06:00:00;0.00;G
1992-05-07;06:00:00;0.00;G
1992-05-08;06:00:00;0.00;G
1992-05-09;06:00:00;0.00;G
1992-05-10;06:00:00;0.00;G
1992-05-11;06:00:00;0.00;G
1992-05-12;06:00:00;0.00;G
1992-05-13;06:00:00;0.00;G
1992-05-14;06:00:00;0.00;G
1992-05-15;06:00:00;0.00;G
1992-05-17;06:00:00;0.00;G
1992-05-19;06:00:00;0.00;G
1992-05-20;06:00:00;0.00;G
1992-05-21;06:00:00;0.00;G
1992-05-22;06:00:00;0.00;G
1992-05-23;06:00:00;0.00;G
1992-05-24;06:00:00;0.00;G
1992-05-25;06:00:00;0.00;G
1992-05-26;06:00:00;0.00;G
1992-05-27;06:00:00;0.00;G
1992-05-28;06:00:00;0.00;G
1992-05-29;06:00:00;0.00;G
1992-05-30;06:00:00;0.00;G
1992-05-31;06:00:00;0.00;G
1992-06-01;06:00:00;0.00;G
1992-06-02;06:00:00;0.00;G
1992-06-03;06:00:00;0.00;G
1992-06-04;06:00:00;0.00;G
1992-06-05;06:00:00;0.00;G
1992-06-06;06:00:00;0.00;G
1992-06-07;06:00:00;0.00;G
1992-06-08;06:00:00;0.00;G
1992-06-09;06:00:00;0.00;G
1992-06-10;06:00:00;0.00;G
1992-06-11;06:00:00;0.00;G
1992-06-12;06:00:00;0.00;G
1992-06-13;06:00:00;0.00;G
1992-06-14;06:00:00;0.00;G
1992-06-15;06:00:00;0.00;G
1992-06-16;06:00:00;0.00;G
1992-06-17;06:00:00;0.00;G
1992-06-18;06:00:00;0.00;G
1992-06-19;06:00:00;0.00;G
1992-06-20;06:00:00;0.00;G
1992-06-21;06:00:00;0.00;G
1992-06-22;06:00:00;0.00;G
1992-06-23;06:00:00;0.00;G
1992-06-24;06:00:00;0.00;G
1992-06-25;06:00:00;0.00;G
1992-06-26;06:00:00;0.00;G
1992-06-27;06:00:00;0.00;G
1992-06-28;06:00:00;0.00;G
1992-06-29;06:00:00;0.00;G
1992-06-30;06:00:00;0.00;G
1992-07-01;06:00:00;0.00;G
1992-07-02;06:00:00;0.00;G
1992-07-03;06:00:00;0.00;G
1992-07-04;06:00:00;0.00;G
1992-07-05;06:00:00;0.00;G
1992-07-06;06:00:00;0.00;G
1992-07-07;06:00:00;0.00;G
1992-07-08;06:00:00;0.00;G
1992-07-09;06:00:00;0.00;G
1992-07-10;06:00:00;0.00;G
1992-07-11;06:00:00;0.00;G
1992-07-12;06:00:00;0.00;G
1992-07-13;06:00:00;0.00;G
1992-07-14;06:00:00;0.00;G
1992-07-15;06:00:00;0.00;G
1992-07-16;06:00:00;0.00;G
1992-07-17;06:00:00;0.00;G
1992-07-18;06:00:00;0.00;G
1992-07-19;06:00:00;0.00;G
1992-07-20;06:00:00;0.00;G
1992-07-21;06:00:00;0.00;G
1992-07-22;06:00:00;0.00;G
1992-07-23;06:00:00;0.00;G
1992-07-24;06:00:00;0.00;G
1992-07-25;06:00:00;0.00;G
1992-07-26;06:00:00;0.00;G
1992-07-27;06:00:00;0.00;G
1992-07-28;06:00:00;0.00;G
1992-07-29;06:00:00;0.00;G
1992-07-30;06:00:00;0.00;G
1992-07-31;06:00:00;0.00;G
1992-08-01;06:00:00;0.00;G
1992-08-02;06:00:00;0.00;G
1992-08-03;06:00:00;0.00;G
1992-08-04;06:00:00;0.00;G
1992-08-05;06:00:00;0.00;G
1992-08-06;06:00:00;0.00;G
1992-08-07;06:00:00;0.00;G
1992-08-08;06:00:00;0.00;G
1992-08-09;06:00:00;0.00;G
1992-08-10;06:00:00;0.00;G
1992-08-11;06:00:00;0.00;G
1992-08-12;06:00:00;0.00;G
1992-08-13;06:00:00;0.00;G
1992-08-14;06:00:00;0.00;G
1992-08-15;06:00:00;0.00;G
1992-08-16;06:00:00;0.00;G
1992-08-17;06:00:00;0.00;G
1992-08-18;06:00:00;0.00;G
1992-08-19;06:00:00;0.00;G
1992-08-20;06:00:00;0.00;G
1992-08-21;06:00:00;0.00;G
1992-08-22;06:00:00;0.00;G
1992-08-23;06:00:00;0.00;G
1992-08-24;06:00:00;0.00;G
1992-08-25;06:00:00;0.00;G
1992-08-26;06:00:00;0.00;G
1992-08-27;06:00:00;0.00;G
1992-08-28;06:00:00;0.00;G
1992-08-29;06:00:00;0.00;G
1992-08-30;06:00:00;0.00;G
1992-08-31;06:00:00;0.00;G
1992-09-01;06:00:00;0.00;G
1992-09-02;06:00:00;0.00;G
1992-09-03;06:00:00;0.00;G
1992-09-04;06:00:00;0.00;G
1992-09-05;06:00:00;0.00;G
1992-09-06;06:00:00;0.00;G
1992-09-07;06:00:00;0.00;G
1992-09-08;06:00:00;0.00;G
1992-09-09;06:00:00;0.00;G
1992-09-10;06:00:00;0.00;G
1992-09-11;06:00:00;0.00;G
1992-09-12;06:00:00;0.00;G
1992-09-13;06:00:00;0.00;G
1992-09-15;06:00:00;0.00;G
1992-09-16;06:00:00;0.00;G
1992-09-17;06:00:00;0.00;G
1992-09-18;06:00:00;0.00;G
1992-09-19;06:00:00;0.00;G
1992-09-20;06:00:00;0.00;G
1992-09-21;06:00:00;0.00;G
1992-09-22;06:00:00;0.00;G
1992-09-23;06:00:00;0.00;G
1992-09-24;06:00:00;0.00;G
1992-09-25;06:00:00;0.00;G
1992-09-26;06:00:00;0.00;G
1992-09-27;06:00:00;0.00;G
1992-09-28;06:00:00;0.00;G
1992-09-29;06:00:00;0.00;G
1992-09-30;06:00:00;0.00;G
1992-10-01;06:00:00;0.00;G
1992-10-02;06:00:00;0.00;G
1992-10-03;06:00:00;0.00;G
1992-10-04;06:00:00;0.00;G
1992-10-05;06:00:00;0.00;G
1992-10-06;06:00:00;0.00;G
1992-10-07;06:00:00;0.00;G
1992-10-08;06:00:00;0.00;G
1992-10-09;06:00:00;0.00;G
1992-10-10;06:00:00;0.00;G
1992-10-11;06:00:00;0.00;G
1992-10-12;06:00:00;0.00;G
1992-10-13;06:00:00;0.00;G
1992-10-14;06:00:00;0.00;G
1992-10-15;06:00:00;0.00;G
1992-10-16;06:00:00;0.00;G
1992-10-17;06:00:00;0.00;G
1992-10-18;06:00:00;0.00;G
1992-10-19;06:00:00;0.00;G
1992-10-20;06:00:00;0.00;G
1992-10-21;06:00:00;0.00;G
1992-10-22;06:00:00;0.00;G
1992-10-23;06:00:00;0.00;G
1992-10-24;06:00:00;0.00;G
1992-10-25;06:00:00;0.00;G
1992-10-26;06:00:00;0.00;G
1992-10-27;06:00:00;0.00;G
1992-10-28;06:00:00;0.00;G
1992-10-29;06:00:00;0.00;G
1992-11-01;06:00:00;0.00;G
1992-11-02;06:00:00;0.00;G
1992-11-03;06:00:00;0.00;G
1992-11-04;06:00:00;0.00;G
1992-11-05;06:00:00;0.00;G
1992-11-06;06:00:00;0.00;G
1992-11-07;06:00:00;0.00;G
1992-11-08;06:00:00;0.00;G
1992-11-09;06:00:00;0.00;G
1992-11-10;06:00:00;0.00;G
1992-11-11;06:00:00;0.00;G
1992-11-12;06:00:00;0.00;G
1992-11-13;06:00:00;0.00;G
1992-11-14;06:00:00;0.00;G
1992-11-15;06:00:00;0.01;G
1992-11-16;06:00:00;0.00;G
1992-11-17;06:00:00;0.00;G
1992-11-18;06:00:00;0.00;G
1992-11-19;06:00:00;0.00;G
1992-11-20;06:00:00;0.00;G
1992-11-21;06:00:00;0.00;G
1992-11-22;06:00:00;0.00;G
1992-11-23;06:00:00;0.00;G
1992-11-24;06:00:00;0.00;G
1992-11-25;06:00:00;0.00;G
1992-11-26;06:00:00;0.00;G
1992-11-27;06:00:00;0.00;G
1992-11-28;06:00:00;0.00;G
1992-11-29;06:00:00;0.00;G
1992-11-30;06:00:00;0.00;G
1992-12-01;06:00:00;0.00;G
1992-12-02;06:00:00;0.00;G
1992-12-03;06:00:00;0.00;G
1992-12-04;06:00:00;0.00;G
1992-12-05;06:00:00;0.00;G
1992-12-06;06:00:00;0.00;G
1992-12-07;06:00:00;0.00;G
1992-12-08;06:00:00;0.00;G
1992-12-09;06:00:00;0.00;G
1992-12-10;06:00:00;0.00;G
1992-12-11;06:00:00;0.00;G
1992-12-12;06:00:00;0.00;G
1992-12-13;06:00:00;0.00;G
1992-12-14;06:00:00;0.00;G
1992-12-15;06:00:00;0.00;G
1992-12-16;06:00:00;0.00;G
1992-12-17;06:00:00;0.00;G
1992-12-18;06:00:00;0.00;G
1992-12-19;06:00:00;0.00;G
1992-12-20;06:00:00;0.00;G
1992-12-21;06:00:00;0.00;G
1992-12-22;06:00:00;0.00;G
1992-12-23;06:00:00;0.00;G
1992-12-24;06:00:00;0.00;G
1992-12-25;06:00:00;0.00;G
1992-12-26;06:00:00;0.00;G
1992-12-27;06:00:00;0.00;G
1992-12-28;06:00:00;0.00;G
1992-12-29;06:00:00;0.00;G
1992-12-30;06:00:00;0.00;G
1992-12-31;06:00:00;0.00;G
1993-01-01;06:00:00;0.00;G
1993-01-02;06:00:00;0.00;G
1993-01-03;06:00:00;0.00;G
1993-01-04;06:00:00;0.00;G
1993-01-05;06:00:00;0.00;G
1993-01-06;06:00:00;0.00;G
1993-01-07;06:00:00;0.00;G
1993-01-08;06:00:00;0.00;G
1993-01-09;06:00:00;0.00;G
1993-01-10;06:00:00;0.00;G
1993-01-11;06:00:00;0.00;G
1993-01-12;06:00:00;0.00;G
1993-01-13;06:00:00;0.00;G
1993-01-14;06:00:00;0.02;G
1993-01-15;06:00:00;0.01;G
1993-01-16;06:00:00;0.00;G
1993-01-17;06:00:00;0.00;G
1993-01-18;06:00:00;0.00;G
1993-01-19;06:00:00;0.00;G
1993-01-20;06:00:00;0.00;G
1993-01-21;06:00:00;0.00;G
1993-01-22;06:00:00;0.00;G
1993-01-23;06:00:00;0.00;G
1993-01-24;06:00:00;0.04;G
1993-01-25;06:00:00;0.07;G
1993-01-26;06:00:00;0.11;G
1993-01-27;06:00:00;0.09;G
1993-01-28;06:00:00;0.09;G
1993-01-29;06:00:00;0.07;G
1993-01-30;06:00:00;0.07;G
1993-01-31;06:00:00;0.07;G
1993-02-01;06:00:00;0.06;G
1993-02-02;06:00:00;0.06;G
1993-02-03;06:00:00;0.04;G
1993-02-04;06:00:00;0.00;G
1993-02-05;06:00:00;0.00;G
1993-02-06;06:00:00;0.00;G
1993-02-07;06:00:00;0.00;G
1993-02-08;06:00:00;0.00;G
1993-02-09;06:00:00;0.00;G
1993-02-10;06:00:00;0.00;G
1993-02-11;06:00:00;0.00;G
1993-02-12;06:00:00;0.00;G
1993-02-13;06:00:00;0.00;G
1993-02-14;06:00:00;0.00;G
1993-02-15;06:00:00;0.00;G
1993-02-16;06:00:00;0.00;G
1993-02-17;06:00:00;0.00;G
1993-02-18;06:00:00;0.00;G
1993-02-19;06:00:00;0.00;G
1993-02-20;06:00:00;0.01;G
1993-02-21;06:00:00;0.06;G
1993-02-22;06:00:00;0.06;G
1993-02-23;06:00:00;0.07;G
1993-02-24;06:00:00;0.07;G
1993-02-25;06:00:00;0.06;G
1993-02-26;06:00:00;0.05;G
1993-02-27;06:00:00;0.05;G
1993-02-28;06:00:00;0.05;G
1993-03-01;06:00:00;0.06;G
1993-03-02;06:00:00;0.07;G
1993-03-03;06:00:00;0.08;G
1993-03-04;06:00:00;0.07;G
1993-03-05;06:00:00;0.06;G
1993-03-06;06:00:00;0.08;G
1993-03-07;06:00:00;0.06;G
1993-03-08;06:00:00;0.05;G
1993-03-09;06:00:00;0.05;G
1993-03-10;06:00:00;0.04;G
1993-03-11;06:00:00;0.04;G
1993-03-12;06:00:00;0.03;G
1993-03-13;06:00:00;0.03;G
1993-03-14;06:00:00;0.00;G
1993-03-15;06:00:00;0.00;G
1993-03-16;06:00:00;0.00;G
1993-03-17;06:00:00;0.00;G
1993-03-18;06:00:00;0.00;G
1993-03-19;06:00:00;0.00;G
1993-03-20;06:00:00;0.00;G
1993-03-21;06:00:00;0.00;G
1993-03-22;06:00:00;0.00;G
1993-03-23;06:00:00;0.00;G
1993-03-24;06:00:00;0.00;G
1993-03-25;06:00:00;0.00;G
1993-03-26;06:00:00;0.00;G
1993-03-27;06:00:00;0.00;G
1993-03-28;06:00:00;0.00;G
1993-03-29;06:00:00;0.00;G
1993-03-30;06:00:00;0.04;G
1993-03-31;06:00:00;0.05;G
1993-04-01;06:00:00;0.00;G
1993-04-02;06:00:00;0.00;G
1993-04-03;06:00:00;0.00;G
1993-04-04;06:00:00;0.00;G
1993-04-05;06:00:00;0.00;G
1993-04-06;06:00:00;0.00;G
1993-04-07;06:00:00;0.00;G
1993-04-08;06:00:00;0.00;G
1993-04-09;06:00:00;0.00;G
1993-04-10;06:00:00;0.00;G
1993-04-11;06:00:00;0.00;G
1993-04-12;06:00:00;0.00;G
1993-04-13;06:00:00;0.00;G
1993-04-14;06:00:00;0.00;G
1993-04-15;06:00:00;0.00;G
1993-04-16;06:00:00;0.00;G
1993-04-17;06:00:00;0.00;G
1993-04-18;06:00:00;0.00;G
1993-04-19;06:00:00;0.00;G
1993-04-20;06:00:00;0.00;G
1993-04-21;06:00:00;0.00;G
1993-04-22;06:00:00;0.00;G
1993-04-23;06:00:00;0.00;G
1993-04-24;06:00:00;0.00;G
1993-04-25;06:00:00;0.00;G
1993-04-26;06:00:00;0.00;G
1993-04-27;06:00:00;0.00;G
1993-04-28;06:00:00;0.00;G
1993-04-29;06:00:00;0.00;G
1993-04-30;06:00:00;0.00;G
1993-05-01;06:00:00;0.00;G
1993-05-02;06:00:00;0.00;G
1993-05-03;06:00:00;0.00;G
1993-05-04;06:00:00;0.00;G
1993-05-05;06:00:00;0.00;G
1993-05-06;06:00:00;0.00;G
1993-05-07;06:00:00;0.00;G
1993-05-08;06:00:00;0.00;G
1993-05-09;06:00:00;0.00;G
1993-05-10;06:00:00;0.00;G
1993-05-11;06:00:00;0.00;G
1993-05-12;06:00:00;0.00;G
1993-05-13;06:00:00;0.00;G
1993-05-14;06:00:00;0.00;G
1993-05-15;06:00:00;0.00;G
1993-05-16;06:00:00;0.00;G
1993-05-17;06:00:00;0.00;G
1993-05-18;06:00:00;0.00;G
1993-05-19;06:00:00;0.00;G
1993-05-20;06:00:00;0.00;G
1993-05-21;06:00:00;0.00;G
1993-05-22;06:00:00;0.00;G
1993-05-23;06:00:00;0.00;G
1993-05-24;06:00:00;0.00;G
1993-05-25;06:00:00;0.00;G
1993-05-26;06:00:00;0.00;G
1993-05-27;06:00:00;0.00;G
1993-05-28;06:00:00;0.00;G
1993-05-29;06:00:00;0.00;G
1993-05-30;06:00:00;0.00;G
1993-05-31;06:00:00;0.00;G
1993-06-01;06:00:00;0.00;G
1993-06-02;06:00:00;0.00;G
1993-06-03;06:00:00;0.00;G
1993-06-04;06:00:00;0.00;G
1993-06-05;06:00:00;0.00;G
1993-06-06;06:00:00;0.00;G
1993-06-07;06:00:00;0.00;G
1993-06-08;06:00:00;0.00;G
1993-06-09;06:00:00;0.00;G
1993-06-10;06:00:00;0.00;G
1993-06-11;06:00:00;0.00;G
1993-06-12;06:00:00;0.00;G
1993-06-13;06:00:00;0.00;G
1993-06-14;06:00:00;0.00;G
1993-06-15;06:00:00;0.00;G
1993-06-16;06:00:00;0.00;G
1993-06-17;06:00:00;0.00;G
1993-06-18;06:00:00;0.00;G
1993-06-19;06:00:00;0.00;G
1993-06-20;06:00:00;0.00;G
1993-06-21;06:00:00;0.00;G
1993-06-22;06:00:00;0.00;G
1993-06-23;06:00:00;0.00;G
1993-06-24;06:00:00;0.00;G
1993-06-25;06:00:00;0.00;G
1993-06-26;06:00:00;0.00;G
1993-06-27;06:00:00;0.00;G
1993-06-28;06:00:00;0.00;G
1993-06-29;06:00:00;0.00;G
1993-06-30;06:00:00;0.00;G
1993-07-01;06:00:00;0.00;G
1993-07-02;06:00:00;0.00;G
1993-07-03;06:00:00;0.00;G
1993-07-04;06:00:00;0.00;G
1993-07-05;06:00:00;0.00;G
1993-07-06;06:00:00;0.00;G
1993-07-07;06:00:00;0.00;G
1993-07-08;06:00:00;0.00;G
1993-07-09;06:00:00;0.00;G
1993-07-10;06:00:00;0.00;G
1993-07-11;06:00:00;0.00;G
1993-07-12;06:00:00;0.00;G
1993-07-13;06:00:00;0.00;G
1993-07-14;06:00:00;0.00;G
1993-07-15;06:00:00;0.00;G
1993-07-16;06:00:00;0.00;G
1993-07-17;06:00:00;0.00;G
1993-07-18;06:00:00;0.00;G
1993-07-19;06:00:00;0.00;G
1993-07-20;06:00:00;0.00;G
1993-07-21;06:00:00;0.00;G
1993-07-22;06:00:00;0.00;G
1993-07-23;06:00:00;0.00;G
1993-07-24;06:00:00;0.00;G
1993-07-25;06:00:00;0.00;G
1993-07-26;06:00:00;0.00;G
1993-07-27;06:00:00;0.00;G
1993-07-28;06:00:00;0.00;G
1993-07-29;06:00:00;0.00;G
1993-07-30;06:00:00;0.00;G
1993-07-31;06:00:00;0.00;G
1993-08-01;06:00:00;0.00;G
1993-08-02;06:00:00;0.00;G
1993-08-03;06:00:00;0.00;G
1993-08-04;06:00:00;0.00;G
1993-08-05;06:00:00;0.00;G
1993-08-06;06:00:00;0.00;G
1993-08-08;06:00:00;0.00;G
1993-08-09;06:00:00;0.00;G
1993-08-10;06:00:00;0.00;G
1993-08-11;06:00:00;0.00;G
1993-08-12;06:00:00;0.00;G
1993-08-13;06:00:00;0.00;G
1993-08-14;06:00:00;0.00;G
1993-08-15;06:00:00;0.00;G
1993-08-16;06:00:00;0.00;G
1993-08-17;06:00:00;0.00;G
1993-08-18;06:00:00;0.00;G
1993-08-19;06:00:00;0.00;G
1993-08-20;06:00:00;0.00;G
1993-08-21;06:00:00;0.00;G
1993-08-22;06:00:00;0.00;G
1993-08-23;06:00:00;0.00;G
1993-08-24;06:00:00;0.00;G
1993-08-25;06:00:00;0.00;G
1993-08-26;06:00:00;0.00;G
1993-08-27;06:00:00;0.00;G
1993-08-28;06:00:00;0.00;G
1993-08-29;06:00:00;0.00;G
1993-08-30;06:00:00;0.00;G
1993-08-31;06:00:00;0.00;G
1993-09-01;06:00:00;0.00;G
1993-09-02;06:00:00;0.00;G
1993-09-03;06:00:00;0.00;G
1993-09-04;06:00:00;0.00;G
1993-09-05;06:00:00;0.00;G
1993-09-06;06:00:00;0.00;G
1993-09-07;06:00:00;0.00;G
1993-09-08;06:00:00;0.00;G
1993-09-09;06:00:00;0.00;G
1993-09-10;06:00:00;0.00;G
1993-09-11;06:00:00;0.00;G
1993-09-12;06:00:00;0.00;G
1993-09-13;06:00:00;0.00;G
1993-09-14;06:00:00;0.00;G
1993-09-15;06:00:00;0.00;G
1993-09-16;06:00:00;0.00;G
1993-09-17;06:00:00;0.00;G
1993-09-18;06:00:00;0.00;G
1993-09-19;06:00:00;0.00;G
1993-09-20;06:00:00;0.00;G
1993-09-21;06:00:00;0.00;G
1993-09-22;06:00:00;0.00;G
1993-09-23;06:00:00;0.00;G
1993-09-24;06:00:00;0.00;G
1993-09-25;06:00:00;0.00;G
1993-09-26;06:00:00;0.00;G
1993-09-27;06:00:00;0.00;G
1993-09-28;06:00:00;0.00;G
1993-09-29;06:00:00;0.00;G
1993-09-30;06:00:00;0.00;G
1993-10-01;06:00:00;0.00;G
1993-10-02;06:00:00;0.00;G
1993-10-03;06:00:00;0.00;G
1993-10-04;06:00:00;0.00;G
1993-10-05;06:00:00;0.00;G
1993-10-06;06:00:00;0.00;G
1993-10-07;06:00:00;0.00;G
1993-10-08;06:00:00;0.00;G
1993-10-09;06:00:00;0.00;G
1993-10-10;06:00:00;0.00;G
1993-10-11;06:00:00;0.00;G
1993-10-12;06:00:00;0.00;G
1993-10-13;06:00:00;0.00;G
1993-10-14;06:00:00;0.05;G
1993-10-15;06:00:00;0.00;G
1993-10-16;06:00:00;0.00;G
1993-10-17;06:00:00;0.00;G
1993-10-18;06:00:00;0.00;G
1993-10-19;06:00:00;0.00;G
1993-10-20;06:00:00;0.00;G
1993-10-21;06:00:00;0.00;G
1993-10-22;06:00:00;0.00;G
1993-10-23;06:00:00;0.00;G
1993-10-24;06:00:00;0.00;G
1993-10-25;06:00:00;0.00;G
1993-10-26;06:00:00;0.00;G
1993-10-27;06:00:00;0.00;G
1993-10-28;06:00:00;0.00;G
1993-10-29;06:00:00;0.00;G
1993-10-30;06:00:00;0.00;G
1993-10-31;06:00:00;0.00;G
1993-11-01;06:00:00;0.00;G
1993-11-02;06:00:00;0.00;G
1993-11-03;06:00:00;0.00;G
1993-11-04;06:00:00;0.00;G
1993-11-05;06:00:00;0.00;G
1993-11-06;06:00:00;0.00;G
1993-11-07;06:00:00;0.00;G
1993-11-08;06:00:00;0.00;G
1993-11-09;06:00:00;0.00;G
1993-11-10;06:00:00;0.00;G
1993-11-11;06:00:00;0.00;G
1993-11-12;06:00:00;0.00;G
1993-11-13;06:00:00;0.00;G
1993-11-14;06:00:00;0.00;G
1993-11-15;06:00:00;0.00;G
1993-11-16;06:00:00;0.00;G
1993-11-17;06:00:00;0.00;G
1993-11-18;06:00:00;0.00;G
1993-11-19;06:00:00;0.00;G
1993-11-20;06:00:00;0.00;G
1993-11-21;06:00:00;0.01;G
1993-11-22;06:00:00;0.05;G
1993-11-23;06:00:00;0.07;G
1993-11-24;06:00:00;0.10;G
1993-11-25;06:00:00;0.07;G
1993-11-26;06:00:00;0.07;G
1993-11-27;06:00:00;0.07;G
1993-11-28;06:00:00;0.06;G
1993-11-29;06:00:00;0.06;G
1993-11-30;06:00:00;0.06;G
1993-12-01;06:00:00;0.05;G
1993-12-02;06:00:00;0.01;G
1993-12-03;06:00:00;0.07;G
1993-12-04;06:00:00;0.04;G
1993-12-05;06:00:00;0.00;G
1993-12-06;06:00:00;0.00;G
1993-12-07;06:00:00;0.00;G
1993-12-08;06:00:00;0.00;G
1993-12-09;06:00:00;0.00;G
1993-12-10;06:00:00;0.00;G
1993-12-11;06:00:00;0.00;G
1993-12-12;06:00:00;0.00;G
1993-12-13;06:00:00;0.00;G
1993-12-14;06:00:00;0.00;G
1993-12-15;06:00:00;0.00;G
1993-12-16;06:00:00;0.00;G
1993-12-17;06:00:00;0.00;G
1993-12-18;06:00:00;0.00;G
1993-12-19;06:00:00;0.00;G
1993-12-20;06:00:00;0.00;G
1993-12-21;06:00:00;0.01;G
1993-12-22;06:00:00;0.00;G
1993-12-23;06:00:00;0.01;G
1993-12-24;06:00:00;0.02;G
1993-12-25;06:00:00;0.00;G
1993-12-26;06:00:00;0.07;G
1993-12-27;06:00:00;0.39;G
1993-12-28;06:00:00;0.35;G
1993-12-29;06:00:00;0.33;G
1993-12-30;06:00:00;0.29;G
1993-12-31;06:00:00;0.26;G
1994-01-01;06:00:00;0.25;G
1994-01-02;06:00:00;0.23;G
1994-01-03;06:00:00;0.23;G
1994-01-04;06:00:00;0.24;G
1994-01-05;06:00:00;0.24;G
1994-01-06;06:00:00;0.19;G
1994-01-07;06:00:00;0.13;G
1994-01-08;06:00:00;0.10;G
1994-01-09;06:00:00;0.10;G
1994-01-10;06:00:00;0.08;G
1994-01-11;06:00:00;0.08;G
1994-01-12;06:00:00;0.07;G
1994-01-13;06:00:00;0.04;G
1994-01-14;06:00:00;0.03;G
1994-01-15;06:00:00;0.00;G
1994-01-16;06:00:00;0.00;G
1994-01-17;06:00:00;0.00;G
1994-01-18;06:00:00;0.00;G
1994-01-19;06:00:00;0.02;G
1994-01-20;06:00:00;0.01;G
1994-01-21;06:00:00;0.00;G
1994-01-22;06:00:00;0.00;G
1994-01-23;06:00:00;0.00;G
1994-01-24;06:00:00;0.00;G
1994-01-25;06:00:00;0.00;G
1994-01-26;06:00:00;0.04;G
1994-01-27;06:00:00;0.03;G
1994-01-28;06:00:00;0.03;G
1994-01-29;06:00:00;0.03;G
1994-01-30;06:00:00;0.03;G
1994-01-31;06:00:00;0.09;G
1994-02-01;06:00:00;0.07;G
1994-02-02;06:00:00;0.12;G
1994-02-03;06:00:00;0.20;G
1994-02-04;06:00:00;0.21;G
1994-02-05;06:00:00;0.19;G
1994-02-06;06:00:00;0.17;G
1994-02-07;06:00:00;0.16;G
1994-02-08;06:00:00;0.16;G
1994-02-09;06:00:00;0.16;G
1994-02-10;06:00:00;0.18;G
1994-02-11;06:00:00;0.17;G
1994-02-12;06:00:00;0.18;G
1994-02-13;06:00:00;0.17;G
1994-02-14;06:00:00;0.15;G
1994-02-15;06:00:00;0.15;G
1994-02-16;06:00:00;0.15;G
1994-02-17;06:00:00;0.15;G
1994-02-18;06:00:00;0.15;G
1994-02-19;06:00:00;0.15;G
1994-02-20;06:00:00;0.16;G
1994-02-21;06:00:00;0.26;G
1994-02-22;06:00:00;0.26;G
1994-02-23;06:00:00;0.39;G
1994-02-24;06:00:00;0.40;G
1994-02-25;06:00:00;0.38;G
1994-02-26;06:00:00;0.37;G
1994-02-27;06:00:00;0.37;G
1994-02-28;06:00:00;0.34;G
1994-03-01;06:00:00;0.35;G
1994-03-02;06:00:00;0.35;G
1994-03-03;06:00:00;0.35;G
1994-03-04;06:00:00;0.35;G
1994-03-05;06:00:00;0.30;G
1994-03-06;06:00:00;0.28;G
1994-03-07;06:00:00;0.24;G
1994-03-08;06:00:00;0.18;G
1994-03-09;06:00:00;0.05;G
1994-03-10;06:00:00;0.00;G
1994-03-11;06:00:00;0.00;G
1994-03-12;06:00:00;0.00;G
1994-03-13;06:00:00;0.00;G
1994-03-14;06:00:00;0.00;G
1994-03-15;06:00:00;0.00;G
1994-03-16;06:00:00;0.00;G
1994-03-17;06:00:00;0.09;G
1994-03-18;06:00:00;0.03;G
1994-03-19;06:00:00;0.02;G
1994-03-20;06:00:00;0.01;G
1994-03-21;06:00:00;0.00;G
1994-03-22;06:00:00;0.00;G
1994-03-23;06:00:00;0.00;G
1994-03-24;06:00:00;0.00;G
1994-03-25;06:00:00;0.00;G
1994-03-26;06:00:00;0.00;G
1994-03-27;06:00:00;0.00;G
1994-03-28;06:00:00;0.00;G
1994-03-29;06:00:00;0.00;G
1994-03-30;06:00:00;0.00;G
1994-03-31;06:00:00;0.00;G
1994-04-01;06:00:00;0.00;G
1994-04-02;06:00:00;0.00;G
1994-04-03;06:00:00;0.00;G
1994-04-04;06:00:00;0.00;G
1994-04-05;06:00:00;0.00;G
1994-04-06;06:00:00;0.00;G
1994-04-07;06:00:00;0.00;G
1994-04-08;06:00:00;0.00;G
1994-04-09;06:00:00;0.00;G
1994-04-10;06:00:00;0.00;G
1994-04-11;06:00:00;0.00;G
1994-04-12;06:00:00;0.00;G
1994-04-13;06:00:00;0.00;G
1994-04-14;06:00:00;0.00;G
1994-04-15;06:00:00;0.00;G
1994-04-16;06:00:00;0.00;G
1994-04-17;06:00:00;0.00;G
1994-04-18;06:00:00;0.00;G
1994-04-19;06:00:00;0.00;G
1994-04-20;06:00:00;0.00;G
1994-04-21;06:00:00;0.00;G
1994-04-22;06:00:00;0.00;G
1994-04-23;06:00:00;0.00;G
1994-04-24;06:00:00;0.00;G
1994-04-25;06:00:00;0.00;G
1994-04-26;06:00:00;0.00;G
1994-04-27;06:00:00;0.00;G
1994-04-28;06:00:00;0.00;G
1994-04-29;06:00:00;0.00;G
1994-04-30;06:00:00;0.00;G
1994-05-01;06:00:00;0.00;G
1994-05-02;06:00:00;0.00;G
1994-05-03;06:00:00;0.00;G
1994-05-04;06:00:00;0.00;G
1994-05-05;06:00:00;0.00;G
1994-05-06;06:00:00;0.00;G
1994-05-07;06:00:00;0.00;G
1994-05-08;06:00:00;0.00;G
1994-05-09;06:00:00;0.00;G
1994-05-10;06:00:00;0.00;G
1994-05-11;06:00:00;0.00;G
1994-05-12;06:00:00;0.00;G
1994-05-13;06:00:00;0.00;G
1994-05-14;06:00:00;0.00;G
1994-05-15;06:00:00;0.00;G
1994-05-16;06:00:00;0.00;G
1994-05-17;06:00:00;0.00;G
1994-05-18;06:00:00;0.00;G
1994-05-19;06:00:00;0.00;G
1994-05-20;06:00:00;0.00;G
1994-05-21;06:00:00;0.00;G
1994-05-22;06:00:00;0.00;G
1994-05-23;06:00:00;0.00;G
1994-05-24;06:00:00;0.00;G
1994-05-25;06:00:00;0.00;G
1994-05-26;06:00:00;0.00;G
1994-05-27;06:00:00;0.00;G
1994-05-28;06:00:00;0.00;G
1994-05-29;06:00:00;0.00;G
1994-05-30;06:00:00;0.00;G
1994-05-31;06:00:00;0.00;G
1994-06-01;06:00:00;0.00;G
1994-06-02;06:00:00;0.00;G
1994-06-03;06:00:00;0.00;G
1994-06-04;06:00:00;0.00;G
1994-06-05;06:00:00;0.00;G
1994-06-06;06:00:00;0.00;G
1994-06-07;06:00:00;0.00;G
1994-06-08;06:00:00;0.00;G
1994-06-09;06:00:00;0.00;G
1994-06-10;06:00:00;0.00;G
1994-06-11;06:00:00;0.00;G
1994-06-12;06:00:00;0.00;G
1994-06-13;06:00:00;0.00;G
1994-06-14;06:00:00;0.00;G
1994-06-15;06:00:00;0.00;G
1994-06-16;06:00:00;0.00;G
1994-06-17;06:00:00;0.00;G
1994-06-18;06:00:00;0.00;G
1994-06-19;06:00:00;0.00;G
1994-06-20;06:00:00;0.00;G
1994-06-21;06:00:00;0.00;G
1994-06-22;06:00:00;0.00;G
1994-06-23;06:00:00;0.00;G
1994-06-24;06:00:00;0.00;G
1994-06-25;06:00:00;0.00;G
1994-06-26;06:00:00;0.00;G
1994-06-27;06:00:00;0.00;G
1994-06-28;06:00:00;0.00;G
1994-06-29;06:00:00;0.00;G
1994-06-30;06:00:00;0.00;G
1994-07-01;06:00:00;0.00;G
1994-07-02;06:00:00;0.00;G
1994-07-03;06:00:00;0.00;G
1994-07-04;06:00:00;0.00;G
1994-07-05;06:00:00;0.00;G
1994-07-06;06:00:00;0.00;G
1994-07-07;06:00:00;0.00;G
1994-07-08;06:00:00;0.00;G
1994-07-09;06:00:00;0.00;G
1994-07-10;06:00:00;0.00;G
1994-07-11;06:00:00;0.00;G
1994-07-12;06:00:00;0.00;G
1994-07-13;06:00:00;0.00;G
1994-07-14;06:00:00;0.00;G
1994-07-15;06:00:00;0.00;G
1994-07-16;06:00:00;0.00;G
1994-07-17;06:00:00;0.00;G
1994-07-18;06:00:00;0.00;G
1994-07-19;06:00:00;0.00;G
1994-07-20;06:00:00;0.00;G
1994-07-21;06:00:00;0.00;G
1994-07-22;06:00:00;0.00;G
1994-07-23;06:00:00;0.00;G
1994-07-24;06:00:00;0.00;G
1994-07-25;06:00:00;0.00;G
1994-07-26;06:00:00;0.00;G
1994-07-27;06:00:00;0.00;G
1994-07-28;06:00:00;0.00;G
1994-07-29;06:00:00;0.00;G
1994-07-30;06:00:00;0.00;G
1994-07-31;06:00:00;0.00;G
1994-08-01;06:00:00;0.00;G
1994-08-02;06:00:00;0.00;G
1994-08-03;06:00:00;0.00;G
1994-08-04;06:00:00;0.00;G
1994-08-05;06:00:00;0.00;G
1994-08-06;06:00:00;0.00;G
1994-08-07;06:00:00;0.00;G
1994-08-08;06:00:00;0.00;G
1994-08-09;06:00:00;0.00;G
1994-08-10;06:00:00;0.00;G
1994-08-11;06:00:00;0.00;G
1994-08-12;06:00:00;0.00;G
1994-08-13;06:00:00;0.00;G
1994-08-14;06:00:00;0.00;G
1994-08-15;06:00:00;0.00;G
1994-08-16;06:00:00;0.00;G
1994-08-17;06:00:00;0.00;G
1994-08-18;06:00:00;0.00;G
1994-08-19;06:00:00;0.00;G
1994-08-20;06:00:00;0.00;G
1994-08-21;06:00:00;0.00;G
1994-08-22;06:00:00;0.00;G
1994-08-23;06:00:00;0.00;G
1994-08-24;06:00:00;0.00;G
1994-08-25;06:00:00;0.00;G
1994-08-26;06:00:00;0.00;G
1994-08-27;06:00:00;0.00;G
1994-08-28;06:00:00;0.00;G
1994-08-29;06:00:00;0.00;G
1994-08-30;06:00:00;0.00;G
1994-08-31;06:00:00;0.00;G
1994-09-01;06:00:00;0.00;G
1994-09-02;06:00:00;0.00;G
1994-09-03;06:00:00;0.00;G
1994-09-04;06:00:00;0.00;G
1994-09-05;06:00:00;0.00;G
1994-09-06;06:00:00;0.00;G
1994-09-07;06:00:00;0.00;G
1994-09-08;06:00:00;0.00;G
1994-09-09;06:00:00;0.00;G
1994-09-10;06:00:00;0.00;G
1994-09-11;06:00:00;0.00;G
1994-09-12;06:00:00;0.00;G
1994-09-13;06:00:00;0.00;G
1994-09-14;06:00:00;0.00;G
1994-09-15;06:00:00;0.00;G
1994-09-16;06:00:00;0.00;G
1994-09-17;06:00:00;0.00;G
1994-09-18;06:00:00;0.00;G
1994-09-19;06:00:00;0.00;G
1994-09-20;06:00:00;0.00;G
1994-09-21;06:00:00;0.00;G
1994-09-22;06:00:00;0.00;G
1994-09-23;06:00:00;0.00;G
1994-09-24;06:00:00;0.00;G
1994-09-25;06:00:00;0.00;G
1994-09-26;06:00:00;0.00;G
1994-09-27;06:00:00;0.00;G
1994-09-28;06:00:00;0.00;G
1994-09-29;06:00:00;0.00;G
1994-09-30;06:00:00;0.00;G
1994-10-01;06:00:00;0.00;G
1994-10-02;06:00:00;0.00;G
1994-10-03;06:00:00;0.00;G
1994-10-04;06:00:00;0.00;G
1994-10-05;06:00:00;0.00;G
1994-10-06;06:00:00;0.00;G
1994-10-07;06:00:00;0.00;G
1994-10-08;06:00:00;0.00;G
1994-10-09;06:00:00;0.00;G
1994-10-10;06:00:00;0.00;G
1994-10-11;06:00:00;0.00;G
1994-10-12;06:00:00;0.00;G
1994-10-13;06:00:00;0.00;G
1994-10-14;06:00:00;0.00;G
1994-10-15;06:00:00;0.00;G
1994-10-16;06:00:00;0.00;G
1994-10-17;06:00:00;0.00;G
1994-10-18;06:00:00;0.00;G
1994-10-19;06:00:00;0.00;G
1994-10-20;06:00:00;0.00;G
1994-10-21;06:00:00;0.00;G
1994-10-22;06:00:00;0.00;G
1994-10-23;06:00:00;0.00;G
1994-10-24;06:00:00;0.00;G
1994-10-25;06:00:00;0.00;G
1994-10-26;06:00:00;0.00;G
1994-10-27;06:00:00;0.00;G
1994-10-28;06:00:00;0.00;G
1994-10-29;06:00:00;0.00;G
1994-10-30;06:00:00;0.00;G
1994-10-31;06:00:00;0.00;G
1994-11-01;06:00:00;0.00;G
1994-11-02;06:00:00;0.00;G
1994-11-03;06:00:00;0.00;G
1994-11-04;06:00:00;0.00;G
1994-11-05;06:00:00;0.00;G
1994-11-06;06:00:00;0.00;G
1994-11-07;06:00:00;0.00;G
1994-11-08;06:00:00;0.00;G
1994-11-09;06:00:00;0.00;G
1994-11-10;06:00:00;0.00;G
1994-11-11;06:00:00;0.00;G
1994-11-12;06:00:00;0.01;G
1994-11-13;06:00:00;0.02;G
1994-11-14;06:00:00;0.01;G
1994-11-15;06:00:00;0.00;G
1994-11-16;06:00:00;0.00;G
1994-11-17;06:00:00;0.00;G
1994-11-18;06:00:00;0.00;G
1994-11-19;06:00:00;0.00;G
1994-11-20;06:00:00;0.00;G
1994-11-21;06:00:00;0.00;G
1994-11-22;06:00:00;0.00;G
1994-11-23;06:00:00;0.00;G
1994-11-24;06:00:00;0.00;G
1994-11-25;06:00:00;0.00;G
1994-11-26;06:00:00;0.00;G
1994-11-27;06:00:00;0.00;G
1994-11-28;06:00:00;0.00;G
1994-11-29;06:00:00;0.00;G
1994-11-30;06:00:00;0.00;G
1994-12-01;06:00:00;0.00;G
1994-12-02;06:00:00;0.00;G
1994-12-03;06:00:00;0.00;G
1994-12-04;06:00:00;0.00;G
1994-12-05;06:00:00;0.00;G
1994-12-06;06:00:00;0.00;G
1994-12-07;06:00:00;0.00;G
1994-12-08;06:00:00;0.00;G
1994-12-09;06:00:00;0.00;G
1994-12-10;06:00:00;0.00;G
1994-12-11;06:00:00;0.00;G
1994-12-12;06:00:00;0.00;G
1994-12-13;06:00:00;0.00;G
1994-12-14;06:00:00;0.00;G
1994-12-15;06:00:00;0.00;G
1994-12-16;06:00:00;0.00;G
1994-12-17;06:00:00;0.06;G
1994-12-18;06:00:00;0.05;G
1994-12-19;06:00:00;0.00;G
1994-12-20;06:00:00;0.00;G
1994-12-21;06:00:00;0.00;G
1994-12-22;06:00:00;0.00;G
1994-12-23;06:00:00;0.00;G
1994-12-24;06:00:00;0.00;G
1994-12-25;06:00:00;0.00;G
1994-12-26;06:00:00;0.00;G
1994-12-27;06:00:00;0.00;G
1994-12-28;06:00:00;0.00;G
1994-12-29;06:00:00;0.00;G
1994-12-30;06:00:00;0.00;G
1994-12-31;06:00:00;0.00;G
1995-01-01;06:00:00;0.00;G
1995-01-02;06:00:00;0.00;G
1995-01-03;06:00:00;0.01;G
1995-01-04;06:00:00;0.00;G
1995-01-05;06:00:00;0.00;G
1995-01-06;06:00:00;0.00;G
1995-01-07;06:00:00;0.00;G
1995-01-08;06:00:00;0.00;G
1995-01-09;06:00:00;0.07;G
1995-01-10;06:00:00;0.07;G
1995-01-11;06:00:00;0.15;G
1995-01-12;06:00:00;0.18;G
1995-01-13;06:00:00;0.16;G
1995-01-14;06:00:00;0.16;G
1995-01-15;06:00:00;0.09;G
1995-01-16;06:00:00;0.08;G
1995-01-17;06:00:00;0.06;G
1995-01-18;06:00:00;0.05;G
1995-01-19;06:00:00;0.04;Y
1995-01-20;06:00:00;0.04;G
1995-01-21;06:00:00;0.09;G
1995-01-22;06:00:00;0.07;G
1995-01-23;06:00:00;0.12;G
1995-01-24;06:00:00;0.14;G
1995-01-25;06:00:00;0.12;G
1995-01-26;06:00:00;0.12;G
1995-01-27;06:00:00;0.12;G
1995-01-28;06:00:00;0.12;G
1995-01-29;06:00:00;0.20;G
1995-01-30;06:00:00;0.20;G
1995-01-31;06:00:00;0.18;G
1995-02-01;06:00:00;0.19;G
1995-02-02;06:00:00;0.14;G
1995-02-03;06:00:00;0.11;G
1995-02-04;06:00:00;0.08;G
1995-02-05;06:00:00;0.06;G
1995-02-06;06:00:00;0.06;G
1995-02-07;06:00:00;0.00;G
1995-02-08;06:00:00;0.00;G
1995-02-09;06:00:00;0.00;G
1995-02-10;06:00:00;0.00;G
1995-02-11;06:00:00;0.00;G
1995-02-12;06:00:00;0.02;G
1995-02-13;06:00:00;0.00;G
1995-02-14;06:00:00;0.00;G
1995-02-15;06:00:00;0.00;G
1995-02-16;06:00:00;0.00;G
1995-02-17;06:00:00;0.00;G
1995-02-18;06:00:00;0.00;G
1995-02-19;06:00:00;0.00;G
1995-02-20;06:00:00;0.00;G
1995-02-21;06:00:00;0.00;G
1995-02-22;06:00:00;0.00;G
1995-02-23;06:00:00;0.00;G
1995-02-24;06:00:00;0.00;G
1995-02-25;06:00:00;0.00;G
1995-02-26;06:00:00;0.00;G
1995-02-27;06:00:00;0.00;G
1995-02-28;06:00:00;0.00;G
1995-03-01;06:00:00;0.00;G
1995-03-02;06:00:00;0.00;G
1995-03-03;06:00:00;0.00;G
1995-03-04;06:00:00;0.00;G
1995-03-05;06:00:00;0.00;G
1995-03-06;06:00:00;0.00;G
1995-03-07;06:00:00;0.00;G
1995-03-08;06:00:00;0.00;G
1995-03-09;06:00:00;0.00;G
1995-03-10;06:00:00;0.00;G
1995-03-11;06:00:00;0.00;G
1995-03-12;06:00:00;0.00;G
1995-03-13;06:00:00;0.00;G
1995-03-14;06:00:00;0.00;G
1995-03-15;06:00:00;0.00;G
1995-03-16;06:00:00;0.01;G
1995-03-17;06:00:00;0.00;G
1995-03-18;06:00:00;0.00;G
1995-03-19;06:00:00;0.00;G
1995-03-20;06:00:00;0.00;G
1995-03-21;06:00:00;0.00;G
1995-03-22;06:00:00;0.00;G
1995-03-23;06:00:00;0.00;G
1995-03-24;06:00:00;0.00;G
1995-03-25;06:00:00;0.00;G
1995-03-26;06:00:00;0.00;G
1995-03-27;06:00:00;0.00;G
1995-03-28;06:00:00;0.00;G
1995-03-29;06:00:00;0.00;G
1995-03-30;06:00:00;0.00;G
1995-03-31;06:00:00;0.00;G
1995-04-01;06:00:00;0.00;G
1995-04-02;06:00:00;0.00;G
1995-04-03;06:00:00;0.00;G
1995-04-04;06:00:00;0.00;G
1995-04-05;06:00:00;0.00;G
1995-04-06;06:00:00;0.00;G
1995-04-07;06:00:00;0.00;G
1995-04-08;06:00:00;0.03;G
1995-04-09;06:00:00;0.00;G
1995-04-10;06:00:00;0.00;G
1995-04-11;06:00:00;0.00;G
1995-04-12;06:00:00;0.00;G
1995-04-13;06:00:00;0.00;G
1995-04-14;06:00:00;0.00;G
1995-04-15;06:00:00;0.00;G
1995-04-16;06:00:00;0.00;G
1995-04-17;06:00:00;0.00;G
1995-04-18;06:00:00;0.01;G
1995-04-19;06:00:00;0.00;G
1995-04-20;06:00:00;0.00;G
1995-04-21;06:00:00;0.02;G
1995-04-22;06:00:00;0.00;G
1995-04-23;06:00:00;0.00;G
1995-04-24;06:00:00;0.00;G
1995-04-25;06:00:00;0.00;G
1995-04-26;06:00:00;0.00;G
1995-04-27;06:00:00;0.00;G
1995-04-28;06:00:00;0.00;G
1995-04-29;06:00:00;0.00;G
1995-04-30;06:00:00;0.00;G
1995-05-01;06:00:00;0.00;G
1995-05-02;06:00:00;0.00;G
1995-05-03;06:00:00;0.00;G
1995-05-04;06:00:00;0.00;G
1995-05-05;06:00:00;0.00;G
1995-05-06;06:00:00;0.00;G
1995-05-07;06:00:00;0.00;G
1995-05-08;06:00:00;0.00;G
1995-05-09;06:00:00;0.00;G
1995-05-10;06:00:00;0.00;G
1995-05-11;06:00:00;0.00;G
1995-05-12;06:00:00;0.00;G
1995-05-13;06:00:00;0.00;G
1995-05-14;06:00:00;0.00;G
1995-05-15;06:00:00;0.00;G
1995-05-16;06:00:00;0.00;G
1995-05-17;06:00:00;0.00;G
1995-05-18;06:00:00;0.00;G
1995-05-19;06:00:00;0.00;G
1995-05-20;06:00:00;0.00;G
1995-05-21;06:00:00;0.00;G
1995-05-22;06:00:00;0.00;G
1995-05-23;06:00:00;0.00;G
1995-05-24;06:00:00;0.00;G
1995-05-25;06:00:00;0.00;G
1995-05-26;06:00:00;0.00;G
1995-05-27;06:00:00;0.00;G
1995-05-28;06:00:00;0.00;G
1995-05-29;06:00:00;0.00;G
1995-05-30;06:00:00;0.00;G
1995-05-31;06:00:00;0.00;G
1995-06-01;06:00:00;0.00;G
1995-06-02;06:00:00;0.00;G
1995-06-03;06:00:00;0.00;G
1995-06-04;06:00:00;0.00;G
1995-06-05;06:00:00;0.00;G
1995-06-06;06:00:00;0.00;G
1995-06-07;06:00:00;0.00;G
1995-06-08;06:00:00;0.00;G
1995-06-09;06:00:00;0.00;G
1995-06-10;06:00:00;0.00;G
1995-06-11;06:00:00;0.00;G
1995-06-12;06:00:00;0.00;G
1995-06-13;06:00:00;0.00;G
1995-06-14;06:00:00;0.00;G
1995-06-15;06:00:00;0.00;G
1995-06-16;06:00:00;0.00;G
1995-06-17;06:00:00;0.00;G
1995-06-18;06:00:00;0.00;G
1995-06-19;06:00:00;0.00;G
1995-06-20;06:00:00;0.00;G
1995-06-21;06:00:00;0.00;G
1995-06-22;06:00:00;0.00;G
1995-06-23;06:00:00;0.00;G
1995-06-24;06:00:00;0.00;G
1995-06-25;06:00:00;0.00;G
1995-06-26;06:00:00;0.00;G
1995-06-27;06:00:00;0.00;G
1995-06-28;06:00:00;0.00;G
1995-06-29;06:00:00;0.00;G
1995-06-30;06:00:00;0.00;G
1995-07-01;06:00:00;0.00;G
1995-07-02;06:00:00;0.00;G
1995-07-03;06:00:00;0.00;G
1995-07-04;06:00:00;0.00;G
1995-07-05;06:00:00;0.00;G
1995-07-06;06:00:00;0.00;G
1995-07-07;06:00:00;0.00;G
1995-07-08;06:00:00;0.00;G
1995-07-09;06:00:00;0.00;G
1995-07-10;06:00:00;0.00;G
1995-07-11;06:00:00;0.00;G
1995-07-12;06:00:00;0.00;G
1995-07-13;06:00:00;0.00;G
1995-07-14;06:00:00;0.00;G
1995-07-15;06:00:00;0.00;G
1995-07-16;06:00:00;0.00;G
1995-07-17;06:00:00;0.00;G
1995-07-18;06:00:00;0.00;G
1995-07-19;06:00:00;0.00;G
1995-07-20;06:00:00;0.00;G
1995-07-21;06:00:00;0.00;G
1995-07-22;06:00:00;0.00;G
1995-07-23;06:00:00;0.00;G
1995-07-24;06:00:00;0.00;G
1995-07-25;06:00:00;0.00;G
1995-07-26;06:00:00;0.00;G
1995-07-27;06:00:00;0.00;G
1995-07-28;06:00:00;0.00;G
1995-07-29;06:00:00;0.00;G
1995-07-30;06:00:00;0.00;G
1995-07-31;06:00:00;0.00;G
